130.838 -735.735 55.5451 0 0.0264477 4
131.403 -734.911 57.0451 0 0.0264477 4
131.936 -734.088 58.0696 0 0.0182785 4
132.453 -733.26 58.6576 0 0.0104358 4
132.968 -732.414 58.8056 0 0.0025712 4
133.496 -731.542 58.4618 0 -0.00575351 4
134.054 -730.633 57.5204 0 -0.0149743 4
134.66 -729.681 55.813 0 -0.0255013 4
135.339 -728.681 55.813 0 -0.042693 4
135.939 -727.881 51.57 0 -0.0269366 4
136.561 -727.098 50.07 0 -0.0261285 4
137.203 -726.331 48.63 0 -0.0252123 4
137.864 -725.581 47.24 0 -0.0242039 4
138.542 -724.847 45.93 0 -0.0229289 4
139.238 -724.128 44.69 0 -0.0215904 4
139.949 -723.425 43.54 0 -0.0200712 4
140.673 -722.737 42.48 0 -0.018535 4
141.411 -722.061 41.51 0 -0.0168437 4
142.16 -721.399 40.64 0 -0.0152764 4
142.919 -720.747 39.86 0 -0.013504 4
143.686 -720.106 39.2 0 -0.01153 4
144.461 -719.474 38.67 0 -0.00924752 4
145.242 -718.849 38.3 0 -0.00646222 4
146.028 -718.229 38.11 0 -0.00343763 4
146.815 -717.611 38.13 0 0.000377064 4
147.602 -716.993 38.38 0 0.00448403 4
148.387 -716.372 38.89 0 0.00883125 4
149.166 -715.743 39.66 0 0.0134879 4
149.937 -715.104 40.7 0 0.0179612 4
150.697 -714.451 41.99 0 0.0224729 4
151.442 -713.78 43.51 0 0.0265756 4
152.168 -713.09 45.24 0 0.0300731 4
152.873 -712.38 47.13 0 0.0331171 4
153.55 -711.65 49.15 0 0.0355334 4
154.196 -710.903 51.25 0 0.0372529 4
154.807 -710.143 53.38 0 0.0383352 4
155.386 -709.363 55.61 0 0.0382918 4
155.983 -708.49 57.55 0 0.0269776 4
156.766 -707.259 57.55 0 0.0166722 4
157.285 -706.405 58.78 0 0.000951538 4
157.803 -705.55 58.84 0 0.000981452 4
158.321 -704.694 58.89 0 0.000971705 4
158.837 -703.838 58.95 0 0.000955632 4
159.353 -702.981 59.01 0 0.00103063 4
159.868 -702.124 59.06 0 0.000959814 4
160.382 -701.266 59.12 0 0.000920976 4
160.896 -700.408 59.17 0 0.000973293 4
161.408 -699.549 59.23 0 0.00095502 4
161.92 -698.69 59.29 0 0.0010897 4
162.43 -697.83 59.35 0 0.0010821 4
162.94 -696.97 59.41 0 0.000995788 4
163.449 -696.109 59.46 0 0.000944525 4
163.957 -695.248 59.53 0 0.00110159 4
164.464 -694.386 59.59 0 0.00105288 4
164.971 -693.523 59.65 0 0.00112478 4
165.476 -692.661 59.72 0 0.00121352 4
165.98 -691.797 59.78 0 0.0011498 4
166.484 -690.933 59.85 0 0.00104497 4
166.986 -690.068 59.91 0 0.00114776 4
167.487 -689.203 59.98 0 0.00116793 4
167.988 -688.337 60.05 0 0.00130611 4
168.487 -687.47 60.12 0 0.00117953 4
168.985 -686.604 60.19 0 0.00129637 4
169.482 -685.736 60.27 0 0.00135798 4
169.978 -684.867 60.35 0 0.00139104 4
170.472 -683.998 60.43 0 0.00136878 4
170.966 -683.129 60.51 0 0.00136456 4
171.458 -682.258 60.59 0 0.00147158 4
171.949 -681.387 60.68 0 0.00144107 4
172.439 -680.515 60.76 0 0.0015615 4
172.927 -679.642 60.86 0 0.00162009 4
173.414 -678.769 60.95 0 0.00164566 4
173.9 -677.895 61.04 0 0.00162525 4
174.384 -677.02 61.14 0 0.00168093 4
174.867 -676.144 61.25 0 0.00188486 4
175.348 -675.267 61.36 0 0.00187616 4
175.827 -674.39 61.47 0 0.00191197 4
176.305 -673.511 61.58 0 0.0019752 4
176.781 -672.632 61.7 0 0.00208254 4
177.255 -671.751 61.82 0 0.00217887 4
177.727 -670.87 61.95 0 0.00217974 4
178.197 -669.987 62.08 0 0.00234692 4
178.665 -669.104 62.22 0 0.00244192 4
179.131 -668.219 62.36 0 0.0023903 4
179.595 -667.333 62.5 0 0.00247358 4
180.057 -666.446 62.65 0 0.00255945 4
180.517 -665.557 62.81 0 0.00274186 4
180.974 -664.668 62.98 0 0.00306667 4
181.428 -663.777 63.18 0 0.00349536 4
181.879 -662.885 63.4 0 0.00387859 4
182.327 -661.99 63.66 0 0.00438542 4
182.771 -661.094 63.94 0 0.00493504 4
183.21 -660.196 64.25 0 0.00539593 4
183.644 -659.295 64.58 0 0.00579904 4
184.074 -658.392 64.93 0 0.00613939 4
184.497 -657.487 65.29 0 0.00623116 4
184.915 -656.578 65.66 0 0.00642512 4
185.327 -655.667 66.03 0 0.00645243 4
185.734 -654.754 66.4 0 0.00645666 4
186.134 -653.838 66.76 0 0.00627652 4
186.529 -652.919 67.11 0 0.00612046 4
186.918 -651.997 67.45 0 0.00596242 4
187.301 -651.074 67.78 0 0.00578748 4
187.68 -650.148 68.1 0 0.00556438 4
188.053 -649.22 68.41 0 0.00539451 4
188.421 -648.29 68.71 0 0.00523373 4
188.784 -647.358 69 0 0.00506402 4
189.142 -646.425 69.28 0 0.00500017 4
189.496 -645.49 69.57 0 0.00491967 4
189.845 -644.552 69.84 0 0.00481187 4
190.19 -643.614 70.11 0 0.00473266 4
190.53 -642.673 70.38 0 0.00462116 4
190.866 -641.731 70.64 0 0.00464193 4
191.197 -640.788 70.9 0 0.00456093 4
191.524 -639.843 71.16 0 0.00450317 4
191.847 -638.897 71.42 0 0.00442844 4
192.166 -637.949 71.67 0 0.00442279 4
192.48 -636.999 71.92 0 0.00434083 4
192.791 -636.049 72.17 0 0.00435424 4
193.097 -635.097 72.42 0 0.00437494 4
193.399 -634.144 72.67 0 0.00432847 4
193.697 -633.189 72.91 0 0.00430262 4
193.991 -632.233 73.16 0 0.00429321 4
194.281 -631.276 73.41 0 0.00437261 4
194.566 -630.318 73.66 0 0.00433705 4
194.847 -629.358 73.91 0 0.00440055 4
195.125 -628.397 74.16 0 0.00441544 4
195.397 -627.435 74.42 0 0.00452501 4
195.666 -626.472 74.69 0 0.00460024 4
195.93 -625.508 74.96 0 0.00480784 4
196.19 -624.542 75.24 0 0.00482862 4
196.444 -623.575 75.51 0 0.0048199 4
196.695 -622.607 75.8 0 0.00491646 4
196.94 -621.637 76.08 0 0.00491686 4
197.181 -620.666 76.37 0 0.00509722 4
197.416 -619.694 76.68 0 0.00541834 4
197.647 -618.721 77.02 0 0.00591428 4
197.871 -617.746 77.4 0 0.00667945 4
198.09 -616.77 77.84 0 0.00766817 4
198.3 -615.793 78.34 0 0.00874727 4
198.502 -614.813 78.91 0 0.00982519 4
198.695 -613.832 79.52 0 0.0108026 4
198.876 -612.849 80.19 0 0.0116036 4
199.047 -611.864 80.88 0 0.012091 4
199.205 -610.877 81.58 0 0.0121155 4
199.352 -609.888 82.26 0 0.0118851 4
199.486 -608.898 82.9 0 0.0113173 4
199.61 -607.905 83.5 0 0.0104798 4
199.723 -606.912 84.05 0 0.0094711 4
199.827 -605.917 84.52 0 0.00832928 4
199.922 -604.922 84.94 0 0.00724913 4
200.01 -603.926 85.3 0 0.00622642 4
200.092 -602.929 85.6 0 0.00535857 4
200.169 -601.932 85.86 0 0.00455899 4
200.241 -600.934 86.09 0 0.00390189 4
200.309 -599.936 86.28 0 0.00336865 4
200.374 -598.939 86.45 0 0.00299722 4
200.436 -597.94 86.6 0 0.00263603 4
200.495 -596.942 86.75 0 0.00247953 4
200.552 -595.944 86.87 0 0.00220129 4
200.607 -594.945 86.99 0 0.00204885 4
200.659 -593.947 87.1 0 0.00190355 4
200.71 -592.948 87.2 0 0.00171579 4
200.759 -591.949 87.29 0 0.00159683 4
200.806 -590.95 87.38 0 0.00155608 4
200.852 -589.951 87.46 0 0.00139359 4
200.896 -588.952 87.53 0 0.00129169 4
200.939 -587.953 87.6 0 0.00118887 4
200.981 -586.954 87.66 0 0.0011062 4
201.022 -585.955 87.72 0 0.00107207 4
201.061 -584.956 87.78 0 0.000911631 4
201.1 -583.957 87.83 0 0.000923763 4
201.138 -582.957 87.88 0 0.000837713 4
201.175 -581.958 87.92 0 0.000733933 4
201.211 -580.959 87.96 0 0.000739144 4
201.247 -579.959 88 0 0.00065454 4
201.282 -578.96 88.03 0 0.000612178 4
201.316 -577.96 88.07 0 0.000551614 4
201.35 -576.961 88.09 0 0.000474539 4
201.383 -575.961 88.12 0 0.00043603 4
201.416 -574.962 88.14 0 0.000369053 4
201.448 -573.962 88.16 0 0.000385999 4
201.481 -572.963 88.18 0 0.000309257 4
201.512 -571.963 88.2 0 0.000282549 4
201.544 -570.964 88.21 0 0.00023625 4
201.575 -569.964 88.22 0 0.000207227 4
201.606 -568.965 88.23 0 0.000110055 4
201.637 -567.966 88.23 0 0.000103891 4
201.668 -566.966 88.24 0 7.70821e-05 4
201.699 -565.967 88.24 0 4.02151e-05 4
201.729 -564.967 88.24 0 -1.11463e-05 4
201.76 -563.967 88.24 0 -1.10151e-06 4
201.791 -562.968 88.24 0 -5.52768e-05 4
201.822 -561.968 88.23 0 -9.77018e-05 4
201.852 -560.969 88.22 0 -0.000158006 4
201.883 -559.969 88.21 0 -0.000208824 4
201.915 -558.97 88.2 0 -0.000221707 4
201.946 -557.97 88.18 0 -0.000255166 4
201.978 -556.971 88.17 0 -0.000293678 4
202.01 -555.971 88.14 0 -0.000371893 4
202.042 -554.972 88.12 0 -0.000421121 4
202.075 -553.972 88.1 0 -0.00039808 4
202.108 -552.973 88.07 0 -0.00052736 4
202.142 -551.973 88.04 0 -0.000539865 4
202.176 -550.974 88 0 -0.00054988 4
202.211 -549.975 87.97 0 -0.000647772 4
202.247 -548.975 87.93 0 -0.000703313 4
202.283 -547.976 87.88 0 -0.000744852 4
202.32 -546.977 87.84 0 -0.000854674 4
202.357 -545.977 87.79 0 -0.000873557 4
202.396 -544.978 87.73 0 -0.00104464 4
202.436 -543.979 87.67 0 -0.00105456 4
202.476 -542.98 87.6 0 -0.00116152 4
202.518 -541.98 87.53 0 -0.00114673 4
202.561 -540.981 87.47 0 -0.00111942 4
202.606 -539.982 87.4 0 -0.00122708 4
202.651 -538.983 87.32 0 -0.00133974 4
202.698 -537.985 87.23 0 -0.00158344 4
202.746 -536.986 87.12 0 -0.00194635 4
202.796 -535.987 86.98 0 -0.00244946 4
202.849 -534.989 86.81 0 -0.00287896 4
202.904 -533.99 86.63 0 -0.00326897 4
202.963 -532.992 86.42 0 -0.00356738 4
203.026 -531.994 86.22 0 -0.00345172 4
203.092 -530.996 86.04 0 -0.00324076 4
203.161 -529.998 85.9 0 -0.00244365 4
203.232 -529 85.81 0 -0.00151327 4
203.305 -528.003 85.79 0 -0.000342757 4
203.379 -527.006 85.85 0 0.000997966 4
203.451 -526.009 85.98 0 0.00234413 4
203.521 -525.011 86.19 0 0.00357017 4
203.587 -524.013 86.46 0 0.00472373 4
203.649 -523.015 86.78 0 0.00556149 4
203.705 -522.017 87.13 0 0.00618195 4
203.755 -521.019 87.52 0 0.00670768 4
203.799 -520.02 87.91 0 0.00688821 4
203.835 -519.02 88.31 0 0.00703297 4
203.865 -518.021 88.72 0 0.00700172 4
203.887 -517.021 89.11 0 0.00692805 4
203.903 -516.021 89.5 0 0.00678513 4
203.911 -515.021 89.88 0 0.00659856 4
203.913 -514.021 90.25 0 0.00652153 4
203.909 -513.021 90.62 0 0.00634938 4
203.898 -512.021 90.97 0 0.00616009 4
203.881 -511.021 91.31 0 0.00597943 4
203.858 -510.022 91.65 0 0.00591329 4
203.83 -509.022 91.98 0 0.00571408 4
203.795 -508.023 92.29 0 0.0055123 4
203.755 -507.023 92.6 0 0.00536142 4
203.71 -506.024 92.9 0 0.00520082 4
203.659 -505.026 93.19 0 0.00501361 4
203.603 -504.027 93.45 0 0.00466045 4
203.543 -503.029 93.7 0 0.004322 4
203.479 -502.031 93.92 0 0.00381381 4
203.41 -501.033 94.11 0 0.0032865 4
203.339 -500.036 94.26 0 0.00270425 4
203.264 -499.039 94.39 0 0.00226322 4
203.188 -498.042 94.5 0 0.00188802 4
203.109 -497.045 94.6 0 0.00166053 4
203.029 -496.048 94.69 0 0.00161305 4
202.947 -495.052 94.79 0 0.00179996 4
202.864 -494.055 94.92 0 0.00217407 4
202.778 -493.059 95.06 0 0.00257128 4
202.69 -492.062 95.24 0 0.00310112 4
202.599 -491.066 95.45 0 0.00357578 4
202.504 -490.071 95.67 0 0.00396985 4
202.405 -489.076 95.92 0 0.00423564 4
202.302 -488.081 96.17 0 0.00440364 4
202.194 -487.087 96.42 0 0.0044337 4
202.082 -486.093 96.67 0 0.00440487 4
201.966 -485.1 96.92 0 0.00424578 4
201.846 -484.107 97.15 0 0.00403474 4
201.721 -483.115 97.37 0 0.00384343 4
201.593 -482.124 97.57 0 0.00356129 4
201.461 -481.132 97.76 0 0.00332418 4
201.326 -480.142 97.94 0 0.00302672 4
201.188 -479.151 98.1 0 0.00288823 4
201.047 -478.161 98.26 0 0.00277794 4
200.904 -477.171 98.41 0 0.00262425 4
200.757 -476.182 98.56 0 0.00252847 4
200.608 -475.193 98.7 0 0.00245298 4
200.457 -474.205 98.83 0 0.00232445 4
200.304 -473.217 98.97 0 0.00235339 4
200.148 -472.229 99.09 0 0.00224437 4
199.99 -471.241 99.22 0 0.00219882 4
199.83 -470.254 99.34 0 0.00209056 4
199.667 -469.268 99.46 0 0.00206221 4
199.503 -468.281 99.57 0 0.00201388 4
199.337 -467.295 99.69 0 0.00196603 4
199.168 -466.31 99.8 0 0.0019524 4
198.998 -465.324 99.91 0 0.00203742 4
198.826 -464.339 100.04 0 0.00213717 4
198.652 -463.354 100.17 0 0.00234443 4
198.475 -462.37 100.31 0 0.00238448 4
198.296 -461.386 100.46 0 0.00259025 4
198.115 -460.403 100.61 0 0.00270485 4
197.931 -459.42 100.77 0 0.00273375 4
197.744 -458.437 100.92 0 0.00269799 4
197.554 -457.455 101.08 0 0.00267008 4
197.362 -456.474 101.22 0 0.00244735 4
197.168 -455.493 101.34 0 0.0022378 4
196.971 -454.513 101.45 0 0.00192079 4
196.772 -453.533 101.55 0 0.00169893 4
196.572 -452.553 101.63 0 0.00131551 4
196.37 -451.573 101.69 0 0.00106326 4
196.168 -450.594 101.73 0 0.000755334 4
195.965 -449.615 101.76 0 0.000413101 4
195.761 -448.636 101.77 0 0.000241703 4
195.557 -447.657 101.77 0 3.73366e-05 4
195.353 -446.678 101.76 0 -0.000120573 4
195.149 -445.699 101.75 0 -0.000298155 4
194.946 -444.72 101.73 0 -0.000370997 4
194.742 -443.742 101.7 0 -0.000512678 4
194.54 -442.763 101.66 0 -0.000616556 4
194.338 -441.783 101.62 0 -0.000656663 4
194.136 -440.803 101.59 0 -0.000632294 4
193.935 -439.822 101.55 0 -0.000683857 4
193.734 -438.84 101.51 0 -0.000719142 4
193.534 -437.858 101.46 0 -0.000736472 4
193.335 -436.876 101.42 0 -0.000741187 4
193.138 -435.898 101.38 0 -0.000757073 4
192.942 -434.926 101.33 0 -0.000785791 8
192.749 -433.965 101.29 0 -0.000797524 4
192.558 -433.006 101.24 0 -0.000853356 4
192.354 -431.981 101.19 0 -0.00071112 4
192.091 -430.65 101.19 0 0.000364005 4
191.896 -429.669 101.33 0 0.00196928 4
191.7 -428.689 101.45 0 0.00206339 4
191.501 -427.709 101.57 0 0.00221967 4
191.301 -426.729 101.71 0 0.00231645 4
191.098 -425.75 101.85 0 0.00247437 4
190.893 -424.771 102 0 0.002627 4
190.685 -423.793 102.16 0 0.00276511 4
190.474 -422.815 102.33 0 0.00297692 4
190.261 -421.839 102.51 0 0.00322854 4
190.044 -420.862 102.71 0 0.00339685 4
189.824 -419.887 102.91 0 0.00358373 4
189.601 -418.912 103.13 0 0.00384765 4
189.373 -417.938 103.37 0 0.00409159 4
189.142 -416.965 103.62 0 0.00436364 4
188.907 -415.993 103.88 0 0.00464731 4
188.667 -415.023 104.17 0 0.00497197 4
188.422 -414.053 104.47 0 0.00531892 4
188.172 -413.085 104.8 0 0.00568539 4
187.917 -412.118 105.14 0 0.00594981 4
187.655 -411.153 105.5 0 0.00631515 4
187.388 -410.189 105.89 0 0.00678362 4
187.114 -409.227 106.3 0 0.00709347 4
186.834 -408.267 106.72 0 0.00743608 4
186.546 -407.31 107.17 0 0.00785327 4
186.251 -406.354 107.65 0 0.00823443 4
185.947 -405.401 108.13 0 0.00854005 4
185.636 -404.451 108.63 0 0.00869422 4
185.317 -403.503 109.14 0 0.00877491 4
184.989 -402.559 109.63 0 0.00871089 4
184.653 -401.617 110.12 0 0.00845829 4
184.309 -400.678 110.58 0 0.00809369 4
183.957 -399.742 111.02 0 0.00764398 4
183.599 -398.808 111.43 0 0.00717668 4
183.233 -397.878 111.82 0 0.00669924 4
182.862 -396.949 112.19 0 0.0064553 4
182.484 -396.023 112.55 0 0.00633514 4
182.101 -395.1 112.91 0 0.00631154 4
181.711 -394.179 113.28 0 0.00647051 4
181.316 -393.26 113.67 0 0.00682668 4
180.915 -392.344 114.08 0 0.00714519 4
180.507 -391.431 114.51 0 0.00752055 4
180.092 -390.521 114.96 0 0.00780134 4
179.67 -389.614 115.42 0 0.00799076 4
179.24 -388.711 115.88 0 0.00812934 4
178.804 -387.811 116.35 0 0.00810636 4
178.36 -386.915 116.8 0 0.00789129 4
177.909 -386.023 117.24 0 0.00761809 4
177.452 -385.134 117.65 0 0.00727334 4
176.988 -384.248 118.04 0 0.00679316 4
176.517 -383.366 118.4 0 0.00628237 4
176.042 -382.486 118.73 0 0.00569712 4
175.561 -381.609 119.01 0 0.00499368 4
175.076 -380.734 119.27 0 0.00440365 4
174.587 -379.862 119.48 0 0.00368631 4
174.095 -378.991 119.64 0 0.00284 4
173.601 -378.122 119.76 0 0.00205328 4
173.104 -377.255 119.81 0 0.000966331 4
172.607 -376.387 119.8 0 -0.000231761 4
172.111 -375.52 119.71 0 -0.00155023 4
171.615 -374.651 119.54 0 -0.00306974 4
171.121 -373.78 119.26 0 -0.00488209 4
170.632 -372.906 118.87 0 -0.00669292 4
170.148 -372.028 118.38 0 -0.00861301 4
169.671 -371.146 117.77 0 -0.010593 4
169.205 -370.26 117.03 0 -0.0128086 4
168.751 -369.371 116.16 0 -0.0152847 4
168.315 -368.482 115.1 0 -0.0187885 4
167.9 -367.597 113.72 0 -0.0248154 4
167.507 -366.704 111.72 0 -0.0343955 4
167.119 -365.728 109.4 0 -0.0330036 4
166.652 -364.402 109.4 0 -0.0254827 4
166.349 -363.449 107.51 0 -0.00233676 4
166.048 -362.495 107.37 0 -0.00246488 4
165.749 -361.541 107.22 0 -0.0025346 4
165.453 -360.585 107.07 0 -0.00264757 4
165.16 -359.63 106.91 0 -0.0027969 4
164.869 -358.673 106.74 0 -0.00291538 4
164.581 -357.715 106.57 0 -0.00302564 4
164.296 -356.757 106.39 0 -0.00318396 4
164.014 -355.797 106.2 0 -0.00328779 4
163.735 -354.837 106.01 0 -0.00330122 4
163.459 -353.876 105.82 0 -0.00327692 4
163.186 -352.914 105.64 0 -0.00313718 4
162.917 -351.951 105.48 0 -0.00285548 4
162.65 -350.987 105.34 0 -0.00239859 4
162.385 -350.023 105.24 0 -0.00174981 4
162.123 -349.058 105.19 0 -0.000802323 4
161.86 -348.093 105.21 0 0.000214669 4
161.598 -347.128 105.29 0 0.00142868 4
161.334 -346.163 105.45 0 0.00281854 4
161.068 -345.199 105.69 0 0.00422735 4
160.797 -344.236 106.01 0 0.00553098 4
160.522 -343.275 106.4 0 0.00678225 4
160.239 -342.316 106.84 0 0.00778334 4
159.95 -341.359 107.33 0 0.00847368 4
159.652 -340.404 107.84 0 0.00898712 4
159.345 -339.452 108.37 0 0.00917155 4
159.03 -338.503 108.89 0 0.00907392 4
158.707 -337.557 109.39 0 0.00882168 4
158.375 -336.614 109.87 0 0.00839376 4
158.035 -335.674 110.34 0 0.00804487 4
157.687 -334.736 110.77 0 0.00758945 4
157.333 -333.801 111.19 0 0.00726065 4
156.971 -332.869 111.59 0 0.00700893 4
156.603 -331.939 111.98 0 0.00691809 4
156.229 -331.012 112.38 0 0.00686803 4
155.848 -330.087 112.78 0 0.00698148 4
155.461 -329.165 113.19 0 0.00713863 4
155.067 -328.246 113.61 0 0.0073089 4
154.667 -327.329 114.04 0 0.00751328 4
154.259 -326.416 114.48 0 0.00776206 4
153.845 -325.506 114.94 0 0.00798985 4
153.423 -324.599 115.41 0 0.00815986 4
152.994 -323.696 115.89 0 0.00841055 4
152.558 -322.796 116.38 0 0.00856707 4
152.113 -321.9 116.87 0 0.00856347 4
151.661 -321.008 117.36 0 0.00859725 4
151.202 -320.12 117.85 0 0.00848119 4
150.735 -319.236 118.33 0 0.00840822 4
150.26 -318.356 118.81 0 0.00829881 4
149.778 -317.48 119.28 0 0.00827976 4
149.289 -316.608 119.75 0 0.00817024 4
148.793 -315.739 120.2 0 0.00791077 4
148.29 -314.875 120.62 0 0.00740032 4
147.781 -314.015 121 0 0.00655601 4
147.266 -313.158 121.29 0 0.00509983 4
146.746 -312.303 121.47 0 0.00311521 4
146.224 -311.45 121.5 0 0.000432307 4
145.701 -310.596 121.34 0 -0.00281651 4
145.181 -309.742 120.97 0 -0.00640599 4
144.666 -308.884 120.39 0 -0.0100916 4
144.16 -308.021 119.61 0 -0.0136717 4
143.666 -307.151 118.64 0 -0.0167873 4
143.187 -306.274 117.53 0 -0.0194728 4
142.725 -305.388 116.3 0 -0.0214003 4
142.282 -304.492 115 0 -0.0226844 4
141.86 -303.587 113.66 0 -0.0234861 4
141.459 -302.672 112.3 0 -0.0237788 4
141.08 -301.747 110.94 0 -0.0237892 4
140.722 -300.813 109.58 0 -0.0237297 4
140.387 -299.871 108.22 0 -0.0236715 4
140.075 -298.922 106.86 0 -0.0237474 4
139.785 -297.964 105.49 0 -0.0240087 4
139.518 -297 104.08 0 -0.0244448 4
139.274 -296.03 102.65 0 -0.0250293 4
139.055 -295.054 101.17 0 -0.0257689 4
138.861 -294.073 99.64 0 -0.0266433 4
138.694 -293.087 98.06 0 -0.0276025 4
138.553 -292.096 96.43 0 -0.0285282 4
138.441 -291.102 94.74 0 -0.0295485 4
138.359 -290.106 92.99 0 -0.0305319 8
138.307 -289.107 91.18 0 -0.0315222 4
138.286 -288.107 89.32 0 -0.032475 4
138.298 -287.107 87.41 0 -0.0333885 4
138.343 -286.108 85.44 0 -0.0343303 4
138.423 -285.112 83.43 0 -0.0351485 4
138.537 -284.118 81.36 0 -0.0360656 4
138.688 -283.13 79.24 0 -0.036937 4
138.874 -282.148 77.08 0 -0.0377462 4
139.098 -281.173 74.87 0 -0.0385758 4
139.359 -280.208 72.61 0 -0.0393974 4
139.658 -279.253 70.31 0 -0.0400998 4
139.995 -278.311 67.97 0 -0.0408108 4
140.37 -277.384 65.59 0 -0.0416019 4
140.783 -276.473 63.15 0 -0.0424917 4
141.235 -275.581 60.66 0 -0.0436277 4
141.724 -274.71 58.07 0 -0.045209 4
142.252 -273.863 55.36 0 -0.0473241 4
142.819 -273.042 52.51 0 -0.100443 4
143.44 -272.31 49.1493 0 -0.100443 4
