-8.09968 -48.068 58.2973 0 -0.0153159 4
-7.81359 -47.6049 58.0325 0 -0.0153159 4
-7.49196 -47.0942 57.4953 0 -0.0158019 4
-7.13515 -46.5401 56.8963 0 -0.015989 4
-6.74354 -45.9463 56.2467 0 -0.0159647 4
-6.31759 -45.3167 55.5576 0 -0.0157582 4
-5.85783 -44.6548 54.8406 0 -0.0153768 4
-5.36494 -43.9642 54.1085 0 -0.0148207 4
-4.83975 -43.248 53.3749 0 -0.0140906 4
-4.28332 -42.5091 52.6541 0 -0.0131894 4
-3.69695 -41.7503 51.9606 0 -0.0121233 4
-3.08222 -40.974 51.3094 0 -0.0109012 4
-2.44099 -40.1821 50.7147 0 -0.00953402 4
-1.77539 -39.3765 50.1905 0 -0.00803334 4
-1.08787 -38.5586 49.7499 0 -0.00641108 4
-0.381126 -37.7295 49.4052 0 -0.00467873 4
0.341872 -36.8902 49.1675 0 -0.00284695 4
1.07794 -36.0411 49.047 0 -0.000925324 4
1.82367 -35.1827 49.0527 0 0.00107773 4
2.57551 -34.3151 49.1923 0 0.00315489 4
3.32975 -33.4384 49.4726 0 0.0052996 4
4.08255 -32.5523 49.899 0 0.00750561 4
4.83 -31.6568 50.4758 0 0.00976656 4
5.56816 -30.7517 51.206 0 0.0120756 4
6.29304 -29.8368 52.0912 0 0.0144255 4
7.00071 -28.9121 53.132 0 0.0168088 4
7.68728 -27.9777 54.3273 0 0.0192189 4
8.349 -27.0339 55.6753 0 0.0216504 4
8.98225 -26.0811 57.173 0 0.024099 4
9.58361 -25.1201 58.8163 0 0.0265602 4
10.1499 -24.1519 60.6005 0 0.0290264 4
10.6781 -23.1776 62.5196 0 0.0314835 4
11.1657 -22.1988 64.5664 0 0.0339086 4
11.6105 -21.217 66.7317 0 0.036271 4
12.0107 -20.2339 69.0052 0 0.03854 4
12.3649 -19.2511 71.3757 0 0.040698 4
12.6724 -18.2704 73.8329 0 0.0427592 4
12.9326 -17.2929 76.3702 0 0.0447849 4
13.1454 -16.3197 78.9872 0 0.0468884 4
13.3104 -15.3518 81.6924 0 0.0492208 4
13.4272 -14.3895 84.5039 0 0.0519341 4
13.495 -13.433 87.4481 0 0.0551244 4
13.5122 -12.4822 90.5552 0 0.058771 4
13.4766 -11.5371 93.8526 0 0.062687 4
13.3853 -10.5972 97.3564 0 0.0665074 4
13.2346 -9.66202 101.064 0 0.0697325 4
13.0204 -8.73124 104.951 0 0.0718307 4
12.7385 -7.80434 108.968 0 0.0723796 4
12.3844 -6.88086 113.05 0 0.0711943 4
11.9539 -5.96032 120.049 0 0.0711943 4
