-8.09968 -48.068 58.2973 0 -0.0139206 4
-7.81359 -47.6049 57.8391 0 -0.0139206 4
-7.49178 -47.093 57.3007 0 -0.0148581 4
-7.13509 -46.5374 56.6923 0 -0.0154749 4
-6.7441 -45.9424 56.0265 0 -0.0157842 4
-6.3192 -45.3118 55.3171 0 -0.015813 4
-5.86074 -44.6493 54.5788 0 -0.0155836 4
-5.36918 -43.9581 53.8271 0 -0.015115 4
-4.8452 -43.2415 53.0781 0 -0.0144251 4
-4.28974 -42.5023 52.348 0 -0.013531 4
-3.70403 -41.7432 51.6528 0 -0.0124504 4
-3.08964 -40.9665 51.0081 0 -0.0112009 4
-2.44844 -40.1745 50.4286 0 -0.00979911 4
-1.78263 -39.3688 49.9283 0 -0.00826126 4
-1.0947 -38.5511 49.5201 0 -0.00660204 4
-0.387405 -37.7223 49.2158 0 -0.00483485 4
0.336243 -36.8835 49.0258 0 -0.00297147 4
1.07301 -36.0352 48.9596 0 -0.00102208 4
1.81948 -35.1777 49.0254 0 0.00100463 4
2.57206 -34.3112 49.2301 0 0.00310128 4
3.32704 -33.4356 49.5795 0 0.00526163 4
4.0806 -32.5508 50.0784 0 0.00748023 4
4.82885 -31.6566 50.7304 0 0.00975214 4
5.56784 -30.7527 51.5377 0 0.0120727 4
6.29362 -29.8391 52.5018 0 0.0144368 4
7.00226 -28.9155 53.6227 0 0.0168394 4
7.68987 -27.9821 54.8993 0 0.0192743 4
8.35268 -27.039 56.3295 0 0.0217347 4
8.98705 -26.0868 57.9098 0 0.0242126 4
9.5895 -25.126 59.6357 0 0.0266996 4
10.1568 -24.1577 61.5016 0 0.0291858 4
10.686 -23.1829 63.5008 0 0.0316617 4
11.1745 -22.2031 65.6261 0 0.0341171 4
11.62 -21.2198 67.8696 0 0.0365431 4
12.0206 -20.2347 70.2233 0 0.0389324 4
12.3748 -19.2497 72.6793 0 0.0412793 4
12.6815 -18.2664 75.2308 0 0.0435835 4
12.9398 -17.2866 77.8719 0 0.0458487 4
13.1493 -16.3115 80.5991 0 0.0480854 4
13.3098 -15.3425 83.4115 0 0.0503128 4
13.4209 -14.3801 86.312 0 0.052559 4
13.4825 -13.4248 89.3078 0 0.0548625 4
13.4939 -12.4762 92.4121 0 0.0572746 4
13.4543 -11.534 95.6444 0 0.0598583 4
13.3616 -10.597 99.0325 0 0.0626901 4
13.2133 -9.66399 102.613 0 0.0658582 4
13.0052 -8.73396 106.436 0 0.0694643 4
12.7315 -7.80614 110.561 0 0.0736226 4
12.3844 -6.88086 115.068 0 0.078461 4
11.9539 -5.96032 120.049 0 0.078461 4
