1.803 11.05 265.4 0 0
1.723 10.06 265.4 0 0
1.642 9.061 265.4 0 0
1.562 8.064 265.4 0 -0.04505
1.436 7.073 260.2 0 -0.09009
1.222 6.096 255.1 0 -0.09009
0.9213 5.143 249.9 0 -0.09009
0.5357 4.221 244.7 0 -0.09009
0.1461 3.471 240.4 0 -0.04127
-0.3483 2.601 240.4 0 0
-0.8428 1.732 240.4 0 0
-1.337 0.8629 240.4 0 4.342e-08
-1.812 0.02751 240.4 0 0.04594
-2.267 -0.8628 245.5 0 0.09009
-2.64 -1.79 250.7 0 0.09009
-2.927 -2.748 255.9 0 0.09009
-3.128 -3.727 261 0 0.09009
-3.239 -4.721 266.2 0 0.09009
-3.261 -5.72 271.3 0 0.09009
-3.193 -6.717 276.5 0 0.09009
-3.035 -7.704 281.7 0 0.09009
-2.789 -8.673 286.8 0 0.09009
-2.457 -9.616 292 0 0.09009
-2.226 -10.15 295 0 0.03308
-1.803 -11.05 295 0 0.03308
