17.69 -12.1 311.3 1 -4.215e-08
17.03 -11.35 311.3 1 -4.215e-08
16.37 -10.6 311.3 1 0
15.71 -9.847 311.3 1 0
15.05 -9.096 311.3 1 0
14.39 -8.344 311.3 1 0
13.73 -7.593 311.3 1 0
13.07 -6.841 311.3 1 0
12.41 -6.09 311.3 1 0.04
11.72 -5.366 315.9 1 0.08
10.98 -4.699 320.5 1 0.08
10.18 -4.093 325 1 0.08
9.341 -3.554 329.6 1 0.0495
8.301 -2.964 330.5 1 0.001161
7.431 -2.472 330.5 1 0
6.56 -1.98 330.5 1 0
5.69 -1.487 330.5 1 0
4.819 -0.9952 330.5 1 0
3.949 -0.503 330.5 1 0
3.079 -0.01077 330.5 1 0
2.208 0.4815 330.5 1 0
1.338 0.9737 330.5 1 0
0.4671 1.466 330.5 1 0
-0.4033 1.958 330.5 1 0
-1.274 2.45 330.5 1 0
-2.144 2.943 330.5 1 0
-3.015 3.435 330.5 1 0
-3.885 3.927 330.5 1 0
-4.756 4.419 330.5 1 0
-5.626 4.912 330.5 1 0
-6.497 5.404 330.5 1 0
-7.367 5.896 330.5 1 0
-8.238 6.388 330.5 1 0
-9.108 6.88 330.5 1 0
-9.978 7.373 330.5 1 0
-10.85 7.865 330.5 1 0
-11.72 8.357 330.5 1 0
-12.59 8.849 330.5 1 4.215e-08
-13.46 9.342 330.5 1 -0.03004
-14.36 9.887 326.4 1 -0.04016
-15.19 10.44 326.4 1 0
-16.02 10.99 326.4 1 0
-16.86 11.55 326.4 1 0
-17.69 12.1 326.4 1 0
