171.144 -357.209
171.556 -358.121
171.967 -359.033
172.378 -359.944
172.794 -360.867
172.835 -360.959
172.874 -361.05
172.913 -361.142
172.951 -361.235
172.989 -361.328
173.025 -361.421
173.061 -361.514
173.095 -361.608
173.129 -361.702
173.162 -361.796
173.195 -361.891
173.226 -361.986
173.256 -362.081
173.286 -362.177
173.315 -362.273
173.342 -362.369
173.369 -362.465
173.396 -362.562
173.421 -362.658
173.445 -362.755
173.469 -362.853
173.491 -362.95
173.513 -363.048
173.534 -363.145
173.554 -363.243
173.573 -363.342
173.591 -363.44
173.608 -363.538
173.624 -363.637
173.64 -363.736
173.655 -363.835
173.668 -363.934
173.681 -364.033
173.693 -364.132
173.704 -364.232
173.714 -364.331
173.724 -364.431
173.735 -364.53
173.745 -364.63
173.755 -364.729
173.765 -364.828
173.776 -364.928
173.786 -365.027
173.796 -365.127
173.806 -365.226
173.817 -365.326
173.827 -365.425
173.837 -365.525
173.847 -365.624
173.857 -365.724
173.868 -365.823
173.878 -365.923
173.888 -366.022
173.898 -366.122
173.909 -366.221
173.919 -366.321
173.929 -366.42
173.939 -366.52
173.95 -366.619
173.96 -366.719
173.97 -366.818
173.98 -366.917
173.99 -367.017
174.001 -367.116
174.011 -367.216
174.021 -367.315
174.031 -367.415
174.042 -367.514
174.052 -367.614
174.062 -367.713
174.072 -367.813
174.083 -367.912
174.093 -368.012
174.103 -368.111
174.113 -368.211
174.123 -368.31
174.134 -368.41
174.144 -368.509
174.154 -368.609
174.164 -368.708
174.175 -368.808
174.185 -368.907
174.195 -369.006
174.205 -369.106
174.216 -369.205
174.226 -369.305
174.236 -369.404
174.246 -369.504
174.257 -369.603
174.267 -369.703
174.277 -369.802
174.287 -369.902
174.297 -370.001
174.308 -370.101
174.318 -370.2
174.328 -370.3
174.338 -370.399
174.349 -370.499
174.359 -370.598
174.369 -370.698
174.379 -370.797
174.39 -370.896
174.4 -370.996
174.41 -371.095
174.42 -371.195
174.43 -371.294
174.441 -371.394
174.451 -371.493
174.461 -371.593
174.471 -371.692
174.482 -371.792
174.492 -371.891
174.502 -371.991
174.512 -372.09
174.523 -372.19
174.533 -372.289
174.543 -372.389
174.553 -372.488
174.563 -372.588
174.574 -372.687
174.584 -372.787
174.594 -372.886
174.604 -372.985
174.615 -373.085
174.625 -373.184
174.635 -373.284
174.645 -373.383
174.656 -373.483
174.666 -373.582
174.676 -373.682
174.686 -373.781
174.696 -373.881
174.707 -373.98
174.717 -374.08
174.727 -374.179
174.737 -374.279
174.748 -374.378
174.758 -374.478
174.768 -374.577
174.778 -374.677
174.789 -374.776
174.799 -374.876
174.809 -374.975
174.819 -375.074
174.829 -375.174
174.84 -375.273
174.85 -375.373
174.86 -375.472
174.87 -375.572
174.881 -375.671
174.891 -375.771
174.901 -375.87
174.911 -375.97
174.922 -376.069
174.932 -376.169
174.942 -376.268
174.952 -376.368
174.963 -376.467
174.973 -376.567
174.983 -376.666
174.993 -376.766
175.003 -376.865
175.014 -376.965
175.024 -377.064
175.034 -377.163
175.044 -377.263
175.055 -377.362
175.065 -377.462
175.075 -377.561
175.085 -377.661
175.096 -377.76
175.106 -377.86
175.116 -377.959
175.126 -378.059
175.136 -378.158
175.147 -378.258
175.157 -378.357
175.167 -378.457
175.177 -378.556
175.188 -378.656
175.198 -378.755
175.208 -378.855
175.218 -378.954
175.229 -379.053
175.239 -379.153
175.249 -379.252
175.259 -379.352
175.269 -379.451
175.28 -379.551
175.29 -379.65
175.3 -379.75
175.31 -379.849
175.321 -379.949
175.331 -380.048
175.341 -380.148
175.351 -380.247
175.362 -380.347
175.372 -380.446
175.382 -380.546
175.392 -380.645
175.402 -380.745
175.413 -380.844
175.423 -380.944
175.434 -381.043
175.445 -381.142
175.458 -381.241
175.471 -381.341
175.485 -381.44
175.5 -381.538
175.516 -381.637
175.533 -381.736
175.551 -381.834
175.57 -381.932
175.589 -382.03
175.61 -382.128
175.631 -382.226
175.653 -382.323
175.677 -382.421
175.701 -382.518
175.726 -382.615
175.751 -382.711
175.778 -382.808
175.805 -382.904
175.834 -383
175.863 -383.095
175.893 -383.191
175.924 -383.286
175.956 -383.381
175.989 -383.475
176.022 -383.569
176.057 -383.663
176.092 -383.757
176.128 -383.85
176.165 -383.943
176.203 -384.036
176.241 -384.128
176.281 -384.22
176.321 -384.311
176.362 -384.402
