171.144 -357.209
171.556 -358.121
171.967 -359.033
172.378 -359.944
172.83 -360.947
172.869 -361.039
172.909 -361.131
172.947 -361.223
172.984 -361.316
173.021 -361.409
173.056 -361.502
173.091 -361.596
173.125 -361.69
173.158 -361.785
173.191 -361.879
173.222 -361.974
173.252 -362.069
173.282 -362.165
173.311 -362.261
173.339 -362.357
173.366 -362.453
173.392 -362.549
173.418 -362.646
173.442 -362.743
173.466 -362.84
173.488 -362.938
173.51 -363.035
173.531 -363.133
173.551 -363.231
173.57 -363.329
173.589 -363.427
173.606 -363.526
173.623 -363.624
173.641 -363.723
173.658 -363.821
173.676 -363.92
173.693 -364.018
173.71 -364.117
173.728 -364.215
173.745 -364.314
173.763 -364.412
173.78 -364.511
173.797 -364.609
173.815 -364.708
173.832 -364.806
173.85 -364.905
173.867 -365.003
173.884 -365.102
173.902 -365.2
173.919 -365.298
173.936 -365.397
173.954 -365.495
173.971 -365.594
173.989 -365.692
174.006 -365.791
174.023 -365.889
174.041 -365.988
174.058 -366.086
174.076 -366.185
174.093 -366.283
174.11 -366.382
174.128 -366.48
174.145 -366.579
174.163 -366.677
174.18 -366.776
174.197 -366.874
174.215 -366.973
174.232 -367.071
174.249 -367.169
174.267 -367.268
174.284 -367.366
174.302 -367.465
174.319 -367.563
174.336 -367.662
174.354 -367.76
174.371 -367.859
174.389 -367.957
174.406 -368.056
174.423 -368.154
174.441 -368.253
174.458 -368.351
174.476 -368.45
174.493 -368.548
174.51 -368.647
174.528 -368.745
174.545 -368.844
174.563 -368.942
174.58 -369.041
174.597 -369.139
174.615 -369.238
174.632 -369.336
174.649 -369.434
174.667 -369.533
174.684 -369.631
174.702 -369.73
174.719 -369.828
174.736 -369.927
174.754 -370.025
174.771 -370.124
174.789 -370.222
174.806 -370.321
174.823 -370.419
174.841 -370.518
174.858 -370.616
174.876 -370.715
174.893 -370.813
174.91 -370.912
174.928 -371.01
174.945 -371.109
174.962 -371.207
174.98 -371.306
174.997 -371.404
175.015 -371.502
175.032 -371.601
175.049 -371.699
175.067 -371.798
175.084 -371.896
175.102 -371.995
175.119 -372.093
175.136 -372.192
175.154 -372.29
175.171 -372.389
175.189 -372.487
175.206 -372.586
175.223 -372.684
175.241 -372.783
175.258 -372.881
175.275 -372.98
175.293 -373.078
175.31 -373.177
175.328 -373.275
175.345 -373.374
175.362 -373.472
175.38 -373.57
175.397 -373.669
175.415 -373.767
175.432 -373.866
175.449 -373.964
175.467 -374.063
175.484 -374.161
175.502 -374.26
175.519 -374.358
175.536 -374.457
175.554 -374.555
175.571 -374.654
175.588 -374.752
175.606 -374.851
175.623 -374.949
175.641 -375.048
175.658 -375.146
175.675 -375.245
175.693 -375.343
175.71 -375.442
175.728 -375.54
175.745 -375.638
175.762 -375.737
175.78 -375.835
175.797 -375.934
175.815 -376.032
175.832 -376.131
175.849 -376.229
175.867 -376.328
175.884 -376.426
175.901 -376.525
175.919 -376.623
175.936 -376.722
175.954 -376.82
175.971 -376.919
175.988 -377.017
176.006 -377.116
176.023 -377.214
176.041 -377.313
176.058 -377.411
176.075 -377.51
176.093 -377.608
176.11 -377.707
176.128 -377.805
176.145 -377.903
176.162 -378.002
176.18 -378.1
176.197 -378.199
176.215 -378.297
176.232 -378.396
176.249 -378.494
176.267 -378.593
176.284 -378.691
176.301 -378.79
176.319 -378.888
176.336 -378.987
176.354 -379.085
176.371 -379.184
176.388 -379.282
176.406 -379.381
176.423 -379.479
176.441 -379.578
176.458 -379.676
176.475 -379.775
176.493 -379.873
176.51 -379.971
176.528 -380.07
176.545 -380.168
176.562 -380.267
176.58 -380.365
176.597 -380.464
176.614 -380.562
176.632 -380.661
176.649 -380.759
176.667 -380.858
176.684 -380.956
176.701 -381.055
176.719 -381.153
176.736 -381.252
176.754 -381.35
176.771 -381.449
176.788 -381.547
176.806 -381.646
176.823 -381.744
176.841 -381.843
176.858 -381.941
176.875 -382.039
176.893 -382.138
176.91 -382.236
176.927 -382.335
176.945 -382.433
176.962 -382.532
176.98 -382.63
176.997 -382.729
177.014 -382.827
177.032 -382.926
177.049 -383.024
177.067 -383.123
177.084 -383.221
177.101 -383.32
177.119 -383.418
177.136 -383.517
177.154 -383.615
177.171 -383.714
177.188 -383.812
177.206 -383.911
177.223 -384.009
177.24 -384.107
177.258 -384.206
177.275 -384.304
177.293 -384.403
177.31 -384.501
177.327 -384.6
177.345 -384.698
177.362 -384.797
177.38 -384.895
177.397 -384.994
177.414 -385.092
177.432 -385.191
177.449 -385.289
177.467 -385.388
177.484 -385.486
177.501 -385.585
177.519 -385.683
177.536 -385.782
177.553 -385.88
177.571 -385.979
177.588 -386.077
177.606 -386.176
177.624 -386.274
177.642 -386.372
177.662 -386.47
177.683 -386.568
177.704 -386.666
177.727 -386.763
177.75 -386.86
177.774 -386.957
177.799 -387.054
177.825 -387.151
177.851 -387.247
177.879 -387.343
177.908 -387.439
177.937 -387.535
177.967 -387.63
177.998 -387.725
178.03 -387.82
178.063 -387.914
178.097 -388.009
178.131 -388.102
178.166 -388.196
178.203 -388.289
178.24 -388.382
178.278 -388.475
178.316 -388.567
178.356 -388.659
178.396 -388.75
178.437 -388.841
178.479 -388.932
