-90.5693 -113.074
-91.2487 -112.34
-91.9281 -111.606
-92.6076 -110.872
-93.287 -110.139
-93.3553 -110.066
-93.4242 -109.993
-93.4938 -109.921
-93.5641 -109.85
-93.6349 -109.78
-93.7064 -109.71
-93.7786 -109.64
-93.8508 -109.571
-93.9231 -109.502
-93.9953 -109.433
-94.0676 -109.364
-94.1398 -109.295
-94.2121 -109.226
-94.2843 -109.156
-94.3566 -109.087
-94.4288 -109.018
-94.5011 -108.949
-94.5733 -108.88
-94.6456 -108.811
-94.7178 -108.742
-94.7901 -108.673
-94.8624 -108.603
-94.9346 -108.534
-95.0069 -108.465
-95.0791 -108.396
-95.1514 -108.327
-95.2236 -108.258
-95.2959 -108.189
-95.3681 -108.119
-95.4404 -108.05
-95.5126 -107.981
-95.5849 -107.912
-95.6571 -107.843
-95.7294 -107.774
-95.8016 -107.705
-95.8739 -107.636
-95.9461 -107.566
-96.0184 -107.497
-96.0907 -107.428
-96.1629 -107.359
-96.2352 -107.29
-96.3074 -107.221
-96.3797 -107.152
-96.4522 -107.083
-96.5253 -107.014
-96.599 -106.947
-96.6733 -106.88
-96.7482 -106.814
-96.8238 -106.748
-96.8999 -106.683
-96.9766 -106.619
-97.0539 -106.556
-97.1317 -106.493
-97.2101 -106.431
-97.2891 -106.37
-97.3687 -106.309
-97.4487 -106.249
-97.5293 -106.19
-97.6105 -106.131
-97.6922 -106.074
