-90.5693 -113.074
-91.2487 -112.34
-91.9281 -111.606
-92.6076 -110.872
-93.287 -110.139
-93.3553 -110.066
-93.4242 -109.993
-93.4938 -109.921
-93.5641 -109.85
-93.6349 -109.78
-93.7064 -109.71
-93.7786 -109.64
-93.8514 -109.572
-93.9247 -109.504
-93.9987 -109.437
-94.0733 -109.37
-94.1483 -109.304
-94.2233 -109.238
-94.2982 -109.172
-94.3732 -109.105
-94.4482 -109.039
-94.5231 -108.973
-94.5981 -108.907
-94.6731 -108.841
-94.748 -108.774
-94.823 -108.708
-94.898 -108.642
-94.9729 -108.576
-95.0479 -108.51
-95.1229 -108.444
-95.1978 -108.377
-95.2728 -108.311
-95.3478 -108.245
-95.4227 -108.179
-95.4977 -108.113
-95.5727 -108.046
-95.6476 -107.98
-95.7226 -107.914
-95.7976 -107.848
-95.8725 -107.782
-95.9475 -107.716
-96.0225 -107.649
-96.0974 -107.583
-96.1724 -107.517
-96.2474 -107.451
-96.3223 -107.385
-96.3973 -107.318
-96.4723 -107.252
-96.5472 -107.186
-96.6222 -107.12
-96.6972 -107.054
-96.7721 -106.988
-96.8471 -106.921
-96.9221 -106.855
-96.997 -106.789
-97.072 -106.723
-97.1469 -106.657
-97.2219 -106.59
-97.2969 -106.524
-97.3718 -106.458
-97.4468 -106.392
-97.5218 -106.326
-97.5967 -106.26
-97.6717 -106.193
-97.7467 -106.127
-97.8223 -106.062
-97.8984 -105.997
-97.9752 -105.933
-98.0525 -105.869
-98.1303 -105.807
-98.2088 -105.745
-98.2878 -105.683
-98.3673 -105.623
-98.4474 -105.563
-98.528 -105.504
-98.6092 -105.445
-98.6909 -105.387
-98.7731 -105.331
-98.8558 -105.274
-98.939 -105.219
-99.0227 -105.164
-99.1069 -105.11
-99.1916 -105.057
-99.2768 -105.005
-99.3625 -104.953
