171.144 -357.209
171.556 -358.121
171.967 -359.033
172.378 -359.944
172.801 -360.882
172.841 -360.974
172.881 -361.066
172.92 -361.158
172.958 -361.25
172.995 -361.343
173.031 -361.436
173.067 -361.53
173.101 -361.624
173.135 -361.718
173.168 -361.812
173.2 -361.907
173.231 -362.002
173.261 -362.097
173.291 -362.193
173.319 -362.289
173.347 -362.385
173.374 -362.481
173.4 -362.578
173.425 -362.675
173.449 -362.772
173.472 -362.869
173.496 -362.966
173.519 -363.063
173.542 -363.161
173.565 -363.258
173.588 -363.355
173.611 -363.453
173.634 -363.55
173.657 -363.647
173.68 -363.745
173.703 -363.842
173.726 -363.939
173.75 -364.036
173.773 -364.134
173.796 -364.231
173.819 -364.328
173.842 -364.426
173.865 -364.523
173.888 -364.62
173.911 -364.717
173.934 -364.815
173.957 -364.912
173.98 -365.009
174.004 -365.107
174.027 -365.204
174.05 -365.301
174.073 -365.399
174.096 -365.496
174.119 -365.593
174.142 -365.69
174.165 -365.788
174.188 -365.885
174.211 -365.982
174.234 -366.08
174.258 -366.177
174.281 -366.274
174.304 -366.372
174.327 -366.469
174.35 -366.566
174.373 -366.663
174.396 -366.761
174.419 -366.858
174.442 -366.955
174.465 -367.053
174.488 -367.15
174.512 -367.247
174.535 -367.344
174.558 -367.442
174.581 -367.539
174.604 -367.636
174.627 -367.734
174.65 -367.831
174.673 -367.928
174.696 -368.026
174.719 -368.123
174.742 -368.22
174.766 -368.317
174.789 -368.415
174.812 -368.512
174.835 -368.609
174.858 -368.707
174.881 -368.804
174.904 -368.901
174.927 -368.999
174.95 -369.096
174.973 -369.193
174.996 -369.29
175.02 -369.388
175.043 -369.485
175.066 -369.582
175.089 -369.68
175.112 -369.777
175.135 -369.874
175.158 -369.971
175.181 -370.069
175.204 -370.166
175.227 -370.263
175.25 -370.361
175.274 -370.458
175.297 -370.555
175.32 -370.653
175.343 -370.75
175.366 -370.847
175.389 -370.944
175.412 -371.042
175.435 -371.139
175.458 -371.236
175.481 -371.334
175.504 -371.431
175.528 -371.528
175.551 -371.626
175.574 -371.723
175.597 -371.82
175.62 -371.917
175.643 -372.015
175.666 -372.112
175.689 -372.209
175.712 -372.307
175.735 -372.404
175.758 -372.501
175.782 -372.599
175.805 -372.696
175.828 -372.793
175.851 -372.89
175.874 -372.988
175.897 -373.085
175.92 -373.182
175.943 -373.28
175.966 -373.377
175.989 -373.474
176.012 -373.571
176.036 -373.669
176.059 -373.766
176.082 -373.863
176.105 -373.961
176.128 -374.058
176.151 -374.155
176.174 -374.253
176.197 -374.35
176.22 -374.447
176.243 -374.544
176.266 -374.642
176.29 -374.739
176.313 -374.836
176.336 -374.934
176.359 -375.031
176.382 -375.128
176.405 -375.226
176.428 -375.323
176.451 -375.42
176.474 -375.517
176.497 -375.615
176.52 -375.712
176.544 -375.809
176.567 -375.907
176.59 -376.004
176.613 -376.101
176.636 -376.198
176.659 -376.296
176.682 -376.393
176.705 -376.49
176.728 -376.588
176.751 -376.685
176.774 -376.782
176.798 -376.88
176.821 -376.977
176.844 -377.074
176.867 -377.171
176.89 -377.269
176.913 -377.366
176.936 -377.463
176.959 -377.561
176.982 -377.658
177.005 -377.755
177.029 -377.853
177.052 -377.95
177.075 -378.047
177.098 -378.144
177.121 -378.242
177.144 -378.339
177.167 -378.436
177.19 -378.534
177.213 -378.631
177.236 -378.728
177.259 -378.826
177.283 -378.923
177.306 -379.02
177.329 -379.117
177.352 -379.215
177.375 -379.312
177.398 -379.409
177.421 -379.507
177.444 -379.604
177.467 -379.701
177.49 -379.799
177.513 -379.896
177.537 -379.993
177.56 -380.09
177.583 -380.188
177.606 -380.285
177.629 -380.382
177.652 -380.48
177.675 -380.577
177.698 -380.674
177.721 -380.771
177.744 -380.869
177.767 -380.966
177.791 -381.063
177.814 -381.161
177.837 -381.258
177.86 -381.355
177.883 -381.453
177.906 -381.55
177.929 -381.647
177.952 -381.744
177.975 -381.842
177.998 -381.939
178.021 -382.036
178.045 -382.134
178.068 -382.231
178.091 -382.328
178.114 -382.426
178.137 -382.523
178.16 -382.62
178.183 -382.717
178.206 -382.815
178.229 -382.912
178.252 -383.009
178.275 -383.107
178.299 -383.204
178.322 -383.301
178.345 -383.399
178.368 -383.496
178.391 -383.593
178.414 -383.69
178.437 -383.788
178.46 -383.885
178.483 -383.982
178.506 -384.08
178.529 -384.177
178.553 -384.274
178.576 -384.371
178.599 -384.469
178.622 -384.566
178.645 -384.663
178.668 -384.761
178.691 -384.858
178.714 -384.955
178.737 -385.053
178.76 -385.15
178.783 -385.247
178.807 -385.344
178.83 -385.442
178.853 -385.539
178.876 -385.636
178.899 -385.734
178.922 -385.831
178.945 -385.928
178.968 -386.026
178.991 -386.123
179.014 -386.22
179.037 -386.317
179.061 -386.415
179.084 -386.512
179.107 -386.609
179.13 -386.707
179.153 -386.804
179.176 -386.901
179.199 -386.999
179.222 -387.096
179.245 -387.193
179.268 -387.29
179.291 -387.388
179.315 -387.485
179.338 -387.582
179.361 -387.68
179.384 -387.777
179.407 -387.874
179.43 -387.972
179.453 -388.069
179.476 -388.166
179.499 -388.263
179.522 -388.361
179.545 -388.458
179.569 -388.555
179.592 -388.653
179.615 -388.75
179.638 -388.847
179.661 -388.944
179.684 -389.042
179.707 -389.139
179.73 -389.236
179.753 -389.334
179.776 -389.431
179.799 -389.528
179.823 -389.626
179.846 -389.723
179.869 -389.82
179.892 -389.917
179.915 -390.015
179.938 -390.112
179.961 -390.209
179.984 -390.307
180.007 -390.404
180.03 -390.501
180.053 -390.599
180.077 -390.696
180.1 -390.793
180.123 -390.89
180.146 -390.988
180.169 -391.085
180.192 -391.182
180.215 -391.28
180.238 -391.377
180.261 -391.474
180.284 -391.572
180.307 -391.669
180.331 -391.766
180.354 -391.863
180.377 -391.961
180.4 -392.058
180.423 -392.155
180.446 -392.253
180.469 -392.35
180.492 -392.447
180.515 -392.544
180.538 -392.642
180.562 -392.739
180.585 -392.836
180.608 -392.934
180.631 -393.031
180.654 -393.128
180.677 -393.226
180.7 -393.323
180.723 -393.42
180.746 -393.517
180.77 -393.615
180.794 -393.712
180.82 -393.808
180.846 -393.905
180.873 -394.001
180.901 -394.097
180.93 -394.193
180.959 -394.288
180.99 -394.384
181.021 -394.479
181.054 -394.573
181.087 -394.668
181.121 -394.762
181.156 -394.855
181.191 -394.949
181.228 -395.042
181.265 -395.135
181.303 -395.227
181.342 -395.319
