-90.5693 -113.074
-91.2487 -112.34
-91.9281 -111.606
-92.6076 -110.872
-93.287 -110.139
-93.3553 -110.066
-93.4242 -109.993
-93.4938 -109.921
-93.5641 -109.85
-93.6349 -109.78
-93.7064 -109.71
-93.7786 -109.64
-93.8514 -109.572
-93.9247 -109.504
-93.9984 -109.436
-94.0721 -109.369
-94.1458 -109.301
-94.2195 -109.234
-94.2932 -109.166
-94.3669 -109.098
-94.4406 -109.031
-94.5143 -108.963
-94.588 -108.896
-94.6617 -108.828
-94.7354 -108.76
-94.8091 -108.693
-94.8828 -108.625
-94.9565 -108.558
-95.0302 -108.49
-95.1039 -108.422
-95.1776 -108.355
-95.2513 -108.287
-95.325 -108.22
-95.3987 -108.152
-95.4724 -108.084
-95.5461 -108.017
-95.6198 -107.949
-95.6935 -107.882
-95.7672 -107.814
-95.8409 -107.747
-95.9146 -107.679
-95.9883 -107.611
-96.062 -107.544
-96.1357 -107.476
-96.2094 -107.409
-96.2831 -107.341
-96.3568 -107.273
-96.4305 -107.206
-96.5041 -107.138
-96.5778 -107.071
-96.6515 -107.003
-96.7252 -106.935
-96.7989 -106.868
-96.8726 -106.8
-96.9463 -106.733
-97.02 -106.665
-97.0938 -106.598
-97.168 -106.531
-97.2429 -106.464
-97.3183 -106.399
-97.3943 -106.334
-97.471 -106.269
-97.5482 -106.206
-97.6259 -106.143
-97.7043 -106.081
-97.7832 -106.019
-97.8626 -105.959
-97.9426 -105.899
-98.0232 -105.839
-98.1042 -105.781
-98.1858 -105.723
-98.2679 -105.666
-98.3506 -105.61
-98.4337 -105.554
-98.5173 -105.499
