171.144 -357.209
171.556 -358.121
171.967 -359.033
172.378 -359.944
172.82 -360.925
172.86 -361.017
172.899 -361.109
172.938 -361.201
172.975 -361.294
173.012 -361.387
173.048 -361.48
173.083 -361.574
173.117 -361.668
173.15 -361.762
173.183 -361.856
173.214 -361.951
173.245 -362.046
173.275 -362.142
173.304 -362.238
173.332 -362.333
173.36 -362.43
173.386 -362.526
173.412 -362.623
173.436 -362.72
173.46 -362.817
173.483 -362.914
173.505 -363.012
173.526 -363.109
173.546 -363.207
173.566 -363.305
173.584 -363.404
173.602 -363.502
173.619 -363.601
173.634 -363.7
173.649 -363.798
173.664 -363.897
173.679 -363.996
173.694 -364.095
173.709 -364.194
173.724 -364.293
173.739 -364.392
173.754 -364.491
173.769 -364.589
173.784 -364.688
173.799 -364.787
173.813 -364.886
173.828 -364.985
173.843 -365.084
173.858 -365.183
173.873 -365.282
173.888 -365.38
173.903 -365.479
173.918 -365.578
173.933 -365.677
173.948 -365.776
173.963 -365.875
173.977 -365.974
173.992 -366.073
174.007 -366.172
174.022 -366.27
174.037 -366.369
174.052 -366.468
174.067 -366.567
174.082 -366.666
174.097 -366.765
174.112 -366.864
174.127 -366.963
174.141 -367.062
174.156 -367.16
174.171 -367.259
174.186 -367.358
174.201 -367.457
174.216 -367.556
174.231 -367.655
174.246 -367.754
174.261 -367.853
174.276 -367.951
174.291 -368.05
174.305 -368.149
174.32 -368.248
174.335 -368.347
174.35 -368.446
174.365 -368.545
174.38 -368.644
174.395 -368.743
174.41 -368.841
174.425 -368.94
174.44 -369.039
174.455 -369.138
174.469 -369.237
174.484 -369.336
174.499 -369.435
174.514 -369.534
174.529 -369.632
174.544 -369.731
174.559 -369.83
174.574 -369.929
174.589 -370.028
174.604 -370.127
174.619 -370.226
174.633 -370.325
174.648 -370.424
174.663 -370.522
174.678 -370.621
174.693 -370.72
174.708 -370.819
174.723 -370.918
174.738 -371.017
174.753 -371.116
174.768 -371.215
174.783 -371.313
174.797 -371.412
174.812 -371.511
174.827 -371.61
174.842 -371.709
174.857 -371.808
174.872 -371.907
174.887 -372.006
174.902 -372.105
174.917 -372.203
174.932 -372.302
174.947 -372.401
174.961 -372.5
174.976 -372.599
174.991 -372.698
175.006 -372.797
175.021 -372.896
175.036 -372.994
175.051 -373.093
175.066 -373.192
175.081 -373.291
175.096 -373.39
175.111 -373.489
175.126 -373.588
175.14 -373.687
175.155 -373.786
175.17 -373.884
175.185 -373.983
175.2 -374.082
175.215 -374.181
175.23 -374.28
175.245 -374.379
175.26 -374.478
175.275 -374.577
175.29 -374.675
175.304 -374.774
175.319 -374.873
175.334 -374.972
175.349 -375.071
175.364 -375.17
175.379 -375.269
175.394 -375.368
175.409 -375.467
175.424 -375.565
175.439 -375.664
175.454 -375.763
175.468 -375.862
175.483 -375.961
175.498 -376.06
175.513 -376.159
175.528 -376.258
175.543 -376.356
175.558 -376.455
175.573 -376.554
175.588 -376.653
175.603 -376.752
175.618 -376.851
175.632 -376.95
175.647 -377.049
175.662 -377.148
175.677 -377.246
175.692 -377.345
175.707 -377.444
175.722 -377.543
175.737 -377.642
175.752 -377.741
175.767 -377.84
175.782 -377.939
175.796 -378.037
175.811 -378.136
175.826 -378.235
175.841 -378.334
175.856 -378.433
175.871 -378.532
175.886 -378.631
175.901 -378.73
175.916 -378.829
175.931 -378.927
175.946 -379.026
175.96 -379.125
175.975 -379.224
175.99 -379.323
176.005 -379.422
176.02 -379.521
176.035 -379.62
176.05 -379.718
176.065 -379.817
176.08 -379.916
176.095 -380.015
176.11 -380.114
176.124 -380.213
176.139 -380.312
176.154 -380.411
176.169 -380.51
176.184 -380.608
176.199 -380.707
176.214 -380.806
176.229 -380.905
176.244 -381.004
176.259 -381.103
176.274 -381.202
176.288 -381.301
176.303 -381.399
176.318 -381.498
176.333 -381.597
176.348 -381.696
176.363 -381.795
176.378 -381.894
176.393 -381.993
176.408 -382.092
176.423 -382.191
176.438 -382.289
176.452 -382.388
176.467 -382.487
176.482 -382.586
176.497 -382.685
176.512 -382.784
176.527 -382.883
176.542 -382.982
176.557 -383.08
176.572 -383.179
176.587 -383.278
176.602 -383.377
176.617 -383.476
176.631 -383.575
176.646 -383.674
176.661 -383.773
176.676 -383.872
176.691 -383.97
176.706 -384.069
176.721 -384.168
176.737 -384.267
176.755 -384.365
176.773 -384.464
176.791 -384.562
176.811 -384.66
176.832 -384.758
176.853 -384.855
176.876 -384.953
176.899 -385.05
176.923 -385.147
176.948 -385.244
176.974 -385.341
177.001 -385.437
177.029 -385.533
177.057 -385.629
177.087 -385.724
177.117 -385.82
177.148 -385.915
177.18 -386.01
177.213 -386.104
177.246 -386.198
177.281 -386.292
177.316 -386.385
177.353 -386.479
177.39 -386.572
177.428 -386.664
177.466 -386.756
177.506 -386.848
177.546 -386.94
177.588 -387.031
177.63 -387.121
