171.144 -357.209
171.556 -358.121
171.967 -359.033
172.378 -359.944
172.804 -360.889
172.844 -360.98
172.884 -361.072
172.923 -361.164
172.96 -361.257
172.997 -361.35
173.034 -361.443
173.069 -361.537
173.104 -361.63
173.137 -361.725
173.17 -361.819
173.202 -361.914
173.233 -362.009
173.263 -362.104
173.293 -362.2
173.321 -362.296
173.349 -362.392
173.376 -362.488
173.402 -362.585
173.427 -362.681
173.451 -362.778
173.474 -362.876
173.496 -362.973
173.518 -363.071
173.539 -363.169
173.558 -363.267
173.577 -363.365
173.595 -363.463
173.612 -363.562
173.628 -363.66
173.645 -363.759
173.661 -363.858
173.677 -363.957
173.693 -364.055
173.709 -364.154
173.726 -364.253
173.742 -364.351
173.758 -364.45
173.774 -364.549
173.79 -364.647
173.807 -364.746
173.823 -364.845
173.839 -364.943
173.855 -365.042
173.871 -365.141
173.888 -365.239
173.904 -365.338
173.92 -365.437
173.936 -365.535
173.952 -365.634
173.969 -365.733
173.985 -365.831
174.001 -365.93
174.017 -366.029
174.034 -366.127
174.05 -366.226
174.066 -366.325
174.082 -366.423
174.098 -366.522
174.115 -366.621
174.131 -366.719
174.147 -366.818
174.163 -366.917
174.179 -367.016
174.196 -367.114
174.212 -367.213
174.228 -367.312
174.244 -367.41
174.26 -367.509
174.277 -367.608
174.293 -367.706
174.309 -367.805
174.325 -367.904
174.341 -368.002
174.358 -368.101
174.374 -368.2
174.39 -368.298
174.406 -368.397
174.422 -368.496
174.439 -368.594
174.455 -368.693
174.471 -368.792
174.487 -368.89
174.503 -368.989
174.52 -369.088
174.536 -369.186
174.552 -369.285
174.568 -369.384
174.585 -369.482
174.601 -369.581
174.617 -369.68
174.633 -369.779
174.649 -369.877
174.666 -369.976
174.682 -370.075
174.698 -370.173
174.714 -370.272
174.73 -370.371
174.747 -370.469
174.763 -370.568
174.779 -370.667
174.795 -370.765
174.811 -370.864
174.828 -370.963
174.844 -371.061
174.86 -371.16
174.876 -371.259
174.892 -371.357
174.909 -371.456
174.925 -371.555
174.941 -371.653
174.957 -371.752
174.973 -371.851
174.99 -371.949
175.006 -372.048
175.022 -372.147
175.038 -372.245
175.054 -372.344
175.071 -372.443
175.087 -372.542
175.103 -372.64
175.119 -372.739
175.135 -372.838
175.152 -372.936
175.168 -373.035
175.184 -373.134
175.2 -373.232
175.217 -373.331
175.233 -373.43
175.249 -373.528
175.265 -373.627
175.281 -373.726
175.298 -373.824
175.314 -373.923
175.33 -374.022
175.346 -374.12
175.362 -374.219
175.379 -374.318
175.395 -374.416
175.411 -374.515
175.427 -374.614
175.443 -374.712
175.46 -374.811
175.476 -374.91
175.492 -375.008
175.508 -375.107
175.524 -375.206
175.541 -375.305
175.557 -375.403
175.573 -375.502
175.589 -375.601
175.605 -375.699
175.622 -375.798
175.638 -375.897
175.654 -375.995
175.67 -376.094
175.686 -376.193
175.703 -376.291
175.719 -376.39
175.735 -376.489
175.751 -376.587
175.768 -376.686
175.784 -376.785
175.8 -376.883
175.816 -376.982
175.832 -377.081
175.849 -377.179
175.865 -377.278
175.881 -377.377
175.897 -377.475
175.913 -377.574
175.93 -377.673
175.946 -377.771
175.962 -377.87
175.978 -377.969
175.994 -378.068
176.011 -378.166
176.027 -378.265
176.043 -378.364
176.059 -378.462
176.075 -378.561
176.092 -378.66
176.108 -378.758
176.124 -378.857
176.14 -378.956
176.156 -379.054
176.173 -379.153
176.189 -379.252
176.205 -379.35
176.221 -379.449
176.237 -379.548
176.254 -379.646
176.27 -379.745
176.286 -379.844
176.302 -379.942
176.318 -380.041
176.335 -380.14
176.351 -380.238
176.367 -380.337
176.383 -380.436
176.4 -380.534
176.416 -380.633
176.432 -380.732
176.448 -380.831
176.464 -380.929
176.481 -381.028
176.497 -381.127
176.513 -381.225
176.529 -381.324
176.545 -381.423
176.562 -381.521
176.578 -381.62
176.594 -381.719
176.61 -381.817
176.626 -381.916
176.643 -382.015
176.659 -382.113
176.675 -382.212
176.691 -382.311
176.707 -382.409
176.724 -382.508
176.74 -382.607
176.756 -382.705
176.772 -382.804
176.788 -382.903
176.805 -383.001
176.821 -383.1
176.837 -383.199
176.853 -383.297
176.869 -383.396
176.886 -383.495
176.902 -383.593
176.918 -383.692
176.934 -383.791
176.951 -383.89
176.967 -383.988
176.983 -384.087
176.999 -384.186
177.015 -384.284
177.032 -384.383
177.048 -384.482
177.064 -384.58
177.08 -384.679
177.096 -384.778
177.113 -384.876
177.129 -384.975
177.145 -385.074
177.161 -385.172
177.178 -385.271
177.196 -385.369
177.215 -385.467
177.235 -385.565
177.256 -385.663
177.277 -385.761
177.3 -385.858
177.323 -385.956
177.347 -386.053
177.373 -386.149
177.399 -386.246
177.425 -386.342
177.453 -386.438
177.482 -386.534
177.511 -386.63
177.541 -386.725
177.573 -386.82
177.605 -386.915
177.638 -387.009
177.671 -387.103
177.706 -387.197
177.741 -387.291
177.778 -387.384
177.815 -387.477
177.853 -387.569
177.892 -387.661
177.931 -387.753
177.972 -387.845
178.013 -387.936
178.055 -388.026
