-90.5693 -113.074
-91.2487 -112.34
-91.9281 -111.606
-92.6076 -110.872
-93.287 -110.139
-93.3553 -110.066
-93.4242 -109.993
-93.4938 -109.921
-93.5641 -109.85
-93.6349 -109.78
-93.7064 -109.71
-93.7786 -109.64
-93.8514 -109.572
-93.9247 -109.504
-93.9987 -109.437
-94.0733 -109.37
-94.1485 -109.304
-94.2243 -109.239
-94.3007 -109.174
-94.3777 -109.111
-94.4552 -109.047
-94.5333 -108.985
-94.6114 -108.922
-94.6896 -108.86
-94.7677 -108.798
-94.8459 -108.735
-94.924 -108.673
-95.0022 -108.611
-95.0803 -108.548
-95.1585 -108.486
-95.2366 -108.423
-95.3148 -108.361
-95.3929 -108.299
-95.4711 -108.236
-95.5492 -108.174
-95.6274 -108.111
-95.7055 -108.049
-95.7837 -107.987
-95.8618 -107.924
-95.94 -107.862
-96.0181 -107.799
-96.0963 -107.737
-96.1744 -107.675
-96.2526 -107.612
-96.3307 -107.55
-96.4089 -107.488
-96.487 -107.425
-96.5652 -107.363
-96.6433 -107.3
-96.7215 -107.238
-96.7996 -107.176
-96.8778 -107.113
-96.9559 -107.051
-97.0341 -106.988
-97.1122 -106.926
-97.1904 -106.864
-97.2685 -106.801
-97.3467 -106.739
-97.4249 -106.676
-97.503 -106.614
-97.5812 -106.552
-97.6593 -106.489
-97.7374 -106.427
-97.8156 -106.365
-97.8938 -106.302
-97.9719 -106.24
-98.0501 -106.177
-98.1282 -106.115
-98.2064 -106.053
-98.2845 -105.99
-98.3627 -105.928
-98.4408 -105.865
-98.519 -105.803
-98.5971 -105.741
-98.6753 -105.678
-98.7534 -105.616
-98.8316 -105.553
-98.9097 -105.491
-98.9879 -105.429
-99.066 -105.366
-99.1442 -105.304
-99.2223 -105.241
-99.3005 -105.179
-99.3786 -105.117
-99.4568 -105.054
-99.5352 -104.992
-99.6141 -104.931
-99.6936 -104.87
-99.7736 -104.81
-99.8542 -104.751
-99.9353 -104.693
-100.017 -104.635
-100.099 -104.578
-100.182 -104.522
-100.265 -104.466
-100.349 -104.411
-100.433 -104.357
-100.518 -104.304
-100.603 -104.252
-100.688 -104.2
-100.774 -104.149
-100.861 -104.099
-100.948 -104.05
-101.035 -104.001
-101.123 -103.953
-101.211 -103.906
-101.3 -103.86
-101.389 -103.815
-101.479 -103.77
-101.569 -103.726
-101.659 -103.684
-101.75 -103.641
-101.841 -103.6
-101.932 -103.56
-102.024 -103.52
