171.144 -357.209
171.556 -358.121
171.967 -359.033
172.378 -359.944
172.796 -360.872
172.837 -360.964
172.877 -361.056
172.916 -361.148
172.954 -361.24
172.991 -361.333
173.027 -361.426
173.063 -361.52
173.097 -361.613
173.131 -361.708
173.164 -361.802
173.196 -361.897
173.228 -361.992
173.258 -362.087
173.288 -362.182
173.316 -362.278
173.344 -362.374
173.371 -362.471
173.397 -362.567
173.422 -362.664
173.446 -362.761
173.47 -362.858
173.492 -362.956
173.514 -363.053
173.535 -363.151
173.555 -363.249
173.574 -363.347
173.592 -363.446
173.609 -363.544
173.625 -363.643
173.641 -363.742
173.655 -363.841
173.669 -363.94
173.683 -364.039
173.696 -364.138
173.71 -364.237
173.723 -364.336
173.737 -364.435
173.75 -364.534
173.764 -364.633
173.777 -364.732
173.79 -364.831
173.804 -364.93
173.817 -365.03
173.831 -365.129
173.844 -365.228
173.858 -365.327
173.871 -365.426
173.885 -365.525
173.898 -365.624
173.912 -365.723
173.925 -365.822
173.939 -365.921
173.952 -366.02
173.966 -366.119
173.979 -366.219
173.993 -366.318
174.006 -366.417
174.02 -366.516
174.033 -366.615
174.047 -366.714
174.06 -366.813
174.074 -366.912
174.087 -367.011
174.101 -367.11
174.114 -367.209
174.128 -367.308
174.141 -367.408
174.155 -367.507
174.168 -367.606
174.182 -367.705
174.195 -367.804
174.209 -367.903
174.222 -368.002
174.236 -368.101
174.249 -368.2
174.263 -368.299
174.276 -368.398
174.29 -368.497
174.303 -368.597
174.317 -368.696
174.33 -368.795
174.344 -368.894
174.357 -368.993
174.371 -369.092
174.384 -369.191
174.398 -369.29
174.411 -369.389
174.425 -369.488
174.438 -369.587
174.452 -369.687
174.465 -369.786
174.479 -369.885
174.492 -369.984
174.506 -370.083
174.519 -370.182
174.533 -370.281
174.546 -370.38
174.56 -370.479
174.573 -370.578
174.587 -370.677
174.6 -370.776
174.614 -370.876
174.627 -370.975
174.641 -371.074
174.654 -371.173
174.668 -371.272
174.681 -371.371
174.695 -371.47
174.708 -371.569
174.722 -371.668
174.735 -371.767
174.749 -371.866
174.762 -371.966
174.775 -372.065
174.789 -372.164
174.802 -372.263
174.816 -372.362
174.829 -372.461
174.843 -372.56
174.856 -372.659
174.87 -372.758
174.883 -372.857
174.897 -372.956
174.91 -373.055
174.924 -373.155
174.937 -373.254
174.951 -373.353
174.964 -373.452
174.978 -373.551
174.991 -373.65
175.005 -373.749
175.018 -373.848
175.032 -373.947
175.045 -374.046
175.059 -374.145
175.072 -374.244
175.086 -374.344
175.099 -374.443
175.113 -374.542
175.126 -374.641
175.14 -374.74
175.153 -374.839
175.167 -374.938
175.18 -375.037
175.194 -375.136
175.207 -375.235
175.221 -375.334
175.234 -375.434
175.248 -375.533
175.261 -375.632
175.275 -375.731
175.288 -375.83
175.302 -375.929
175.315 -376.028
175.329 -376.127
175.342 -376.226
175.356 -376.325
175.369 -376.424
175.383 -376.523
175.396 -376.623
175.41 -376.722
175.423 -376.821
175.437 -376.92
175.45 -377.019
175.464 -377.118
175.477 -377.217
175.491 -377.316
175.504 -377.415
175.518 -377.514
175.531 -377.613
175.545 -377.712
175.558 -377.812
175.572 -377.911
175.585 -378.01
175.599 -378.109
175.612 -378.208
175.626 -378.307
175.639 -378.406
175.653 -378.505
175.666 -378.604
175.68 -378.703
175.693 -378.802
175.707 -378.902
175.72 -379.001
175.733 -379.1
175.747 -379.199
175.76 -379.298
175.774 -379.397
175.787 -379.496
175.801 -379.595
175.814 -379.694
175.828 -379.793
175.841 -379.892
175.855 -379.991
175.868 -380.091
175.882 -380.19
175.895 -380.289
175.909 -380.388
175.922 -380.487
175.936 -380.586
175.949 -380.685
175.963 -380.784
175.976 -380.883
175.99 -380.982
176.003 -381.081
176.017 -381.18
176.03 -381.28
176.044 -381.379
176.057 -381.478
176.071 -381.577
176.084 -381.676
176.098 -381.775
176.111 -381.874
176.125 -381.973
176.138 -382.072
176.152 -382.171
176.165 -382.27
176.179 -382.37
176.192 -382.469
176.206 -382.568
176.219 -382.667
176.233 -382.766
176.246 -382.865
176.26 -382.964
176.273 -383.063
176.287 -383.162
176.303 -383.261
176.319 -383.36
176.335 -383.458
176.353 -383.557
176.372 -383.655
176.391 -383.753
176.412 -383.851
176.433 -383.949
176.455 -384.046
176.478 -384.143
176.502 -384.24
176.527 -384.337
176.553 -384.434
176.58 -384.53
176.607 -384.626
176.635 -384.722
176.665 -384.818
176.695 -384.913
176.726 -385.008
176.757 -385.103
176.79 -385.198
176.823 -385.292
176.858 -385.386
176.893 -385.48
176.929 -385.573
176.966 -385.666
177.004 -385.758
177.042 -385.851
177.082 -385.943
177.122 -386.034
177.163 -386.125
177.205 -386.216
