-90.5693 -113.074
-91.2487 -112.34
-91.9281 -111.606
-92.6076 -110.872
-93.287 -110.139
-93.3553 -110.066
-93.4242 -109.993
-93.4938 -109.921
-93.5641 -109.85
-93.6346 -109.779
-93.705 -109.708
-93.7755 -109.637
-93.846 -109.566
-93.9165 -109.496
-93.987 -109.425
-94.0575 -109.354
-94.128 -109.283
-94.1985 -109.212
-94.269 -109.141
-94.3395 -109.07
-94.41 -108.999
-94.4805 -108.928
-94.551 -108.857
-94.6215 -108.786
-94.692 -108.715
-94.7625 -108.644
-94.833 -108.573
-94.9035 -108.503
-94.974 -108.432
-95.0445 -108.361
-95.115 -108.29
-95.1854 -108.219
-95.2559 -108.148
-95.3264 -108.077
-95.3969 -108.006
-95.4674 -107.935
-95.5379 -107.864
-95.6084 -107.793
-95.6789 -107.722
-95.7498 -107.652
-95.8213 -107.582
-95.8934 -107.513
-95.9662 -107.444
-96.0396 -107.376
-96.1136 -107.309
-96.1882 -107.242
-96.2634 -107.176
-96.3392 -107.111
-96.4156 -107.047
-96.4925 -106.983
-96.5701 -106.92
-96.6482 -106.857
-96.7269 -106.795
-96.8061 -106.734
-96.8859 -106.674
