171.144 -357.209
171.556 -358.121
171.967 -359.033
172.378 -359.944
172.795 -360.869
172.836 -360.961
172.875 -361.053
172.914 -361.145
172.952 -361.237
172.99 -361.33
173.026 -361.423
173.062 -361.517
173.096 -361.61
173.13 -361.704
173.163 -361.799
173.195 -361.893
173.227 -361.988
173.257 -362.084
173.287 -362.179
173.315 -362.275
173.343 -362.371
173.37 -362.467
173.396 -362.564
173.421 -362.661
173.446 -362.758
173.469 -362.855
173.493 -362.952
173.517 -363.049
173.54 -363.146
173.564 -363.244
173.587 -363.341
173.611 -363.438
173.635 -363.535
173.658 -363.632
173.682 -363.729
173.706 -363.827
173.729 -363.924
173.753 -364.021
173.776 -364.118
173.8 -364.215
173.824 -364.312
173.847 -364.41
173.871 -364.507
173.894 -364.604
173.918 -364.701
173.942 -364.798
173.965 -364.895
173.989 -364.993
174.013 -365.09
174.036 -365.187
174.06 -365.284
174.083 -365.381
174.107 -365.478
174.131 -365.576
174.154 -365.673
174.178 -365.77
174.201 -365.867
174.225 -365.964
174.249 -366.061
174.272 -366.159
174.296 -366.256
174.32 -366.353
174.343 -366.45
174.367 -366.547
174.39 -366.645
174.414 -366.742
174.438 -366.839
174.461 -366.936
174.485 -367.033
174.508 -367.13
174.532 -367.228
174.556 -367.325
174.579 -367.422
174.603 -367.519
174.627 -367.616
174.65 -367.713
174.674 -367.811
174.697 -367.908
174.721 -368.005
174.745 -368.102
174.768 -368.199
174.792 -368.296
174.816 -368.394
174.839 -368.491
174.863 -368.588
174.886 -368.685
174.91 -368.782
174.934 -368.879
174.957 -368.977
174.981 -369.074
175.004 -369.171
175.028 -369.268
175.052 -369.365
175.075 -369.462
175.099 -369.56
175.123 -369.657
175.146 -369.754
175.17 -369.851
175.193 -369.948
175.217 -370.045
175.241 -370.143
175.264 -370.24
175.288 -370.337
175.311 -370.434
175.335 -370.531
175.359 -370.628
175.382 -370.726
175.406 -370.823
175.43 -370.92
175.453 -371.017
175.477 -371.114
175.5 -371.211
175.524 -371.309
175.548 -371.406
175.571 -371.503
175.595 -371.6
175.619 -371.697
175.642 -371.794
175.666 -371.892
175.689 -371.989
175.713 -372.086
175.737 -372.183
175.76 -372.28
175.784 -372.378
175.807 -372.475
175.831 -372.572
175.855 -372.669
175.878 -372.766
175.902 -372.863
175.926 -372.961
175.949 -373.058
175.973 -373.155
175.996 -373.252
176.02 -373.349
176.044 -373.446
176.067 -373.544
176.091 -373.641
176.114 -373.738
176.138 -373.835
176.162 -373.932
176.185 -374.029
176.209 -374.127
176.233 -374.224
176.256 -374.321
176.28 -374.418
176.303 -374.515
176.327 -374.612
176.351 -374.71
176.374 -374.807
176.398 -374.904
176.422 -375.001
176.445 -375.098
176.469 -375.195
176.492 -375.293
176.516 -375.39
176.54 -375.487
176.563 -375.584
176.587 -375.681
176.61 -375.779
176.634 -375.876
176.658 -375.973
176.681 -376.07
176.705 -376.167
176.729 -376.264
176.752 -376.362
176.776 -376.459
176.799 -376.556
176.823 -376.653
176.847 -376.75
176.87 -376.847
176.894 -376.945
176.917 -377.042
176.941 -377.139
176.965 -377.236
176.988 -377.333
177.012 -377.43
177.036 -377.528
177.059 -377.625
177.083 -377.722
177.106 -377.819
177.13 -377.916
177.154 -378.013
177.177 -378.111
177.201 -378.208
177.225 -378.305
177.248 -378.402
177.272 -378.499
177.295 -378.596
177.319 -378.694
177.343 -378.791
177.366 -378.888
177.39 -378.985
177.413 -379.082
177.437 -379.179
177.461 -379.277
177.484 -379.374
177.508 -379.471
177.532 -379.568
177.555 -379.665
177.579 -379.763
177.602 -379.86
177.626 -379.957
177.65 -380.054
177.673 -380.151
177.697 -380.248
177.72 -380.346
177.744 -380.443
177.768 -380.54
177.791 -380.637
177.815 -380.734
177.839 -380.831
177.862 -380.929
177.886 -381.026
177.909 -381.123
177.933 -381.22
177.957 -381.317
177.98 -381.414
178.004 -381.512
178.028 -381.609
178.051 -381.706
178.075 -381.803
178.098 -381.9
178.122 -381.997
178.146 -382.095
178.169 -382.192
178.193 -382.289
178.216 -382.386
178.24 -382.483
178.264 -382.58
178.287 -382.678
178.311 -382.775
178.335 -382.872
178.358 -382.969
178.382 -383.066
178.405 -383.164
178.429 -383.261
178.453 -383.358
178.476 -383.455
178.5 -383.552
178.523 -383.649
178.547 -383.747
178.571 -383.844
178.594 -383.941
178.618 -384.038
178.642 -384.135
178.665 -384.232
178.689 -384.33
178.712 -384.427
178.736 -384.524
178.76 -384.621
178.783 -384.718
178.807 -384.815
178.831 -384.913
178.854 -385.01
178.878 -385.107
178.901 -385.204
178.925 -385.301
178.949 -385.398
178.972 -385.496
178.996 -385.593
179.019 -385.69
179.043 -385.787
179.067 -385.884
179.09 -385.981
179.114 -386.079
179.138 -386.176
179.161 -386.273
179.185 -386.37
179.208 -386.467
179.232 -386.565
179.256 -386.662
179.279 -386.759
179.303 -386.856
179.326 -386.953
179.35 -387.05
179.374 -387.148
179.397 -387.245
179.421 -387.342
179.445 -387.439
179.468 -387.536
179.492 -387.633
179.515 -387.731
179.539 -387.828
179.563 -387.925
179.586 -388.022
179.61 -388.119
179.634 -388.216
179.657 -388.314
179.681 -388.411
179.704 -388.508
179.728 -388.605
179.752 -388.702
179.775 -388.799
179.799 -388.897
179.822 -388.994
179.846 -389.091
179.87 -389.188
179.893 -389.285
179.917 -389.382
179.941 -389.48
179.964 -389.577
179.988 -389.674
180.011 -389.771
180.035 -389.868
180.059 -389.965
180.082 -390.063
180.106 -390.16
180.129 -390.257
180.153 -390.354
180.177 -390.451
180.2 -390.549
180.224 -390.646
180.248 -390.743
180.271 -390.84
180.295 -390.937
180.318 -391.034
180.342 -391.132
180.366 -391.229
180.389 -391.326
180.413 -391.423
180.437 -391.52
180.46 -391.617
180.484 -391.715
180.507 -391.812
180.531 -391.909
180.555 -392.006
180.578 -392.103
180.602 -392.2
180.625 -392.298
180.649 -392.395
180.673 -392.492
180.696 -392.589
180.72 -392.686
180.744 -392.783
180.767 -392.881
180.791 -392.978
180.814 -393.075
180.838 -393.172
180.862 -393.269
180.885 -393.366
180.909 -393.464
180.932 -393.561
180.956 -393.658
180.98 -393.755
181.003 -393.852
181.027 -393.949
181.051 -394.047
181.074 -394.144
181.098 -394.241
181.121 -394.338
181.145 -394.435
181.169 -394.533
181.193 -394.63
181.217 -394.727
181.243 -394.823
181.27 -394.92
181.297 -395.016
181.325 -395.112
181.355 -395.207
181.385 -395.303
181.416 -395.398
181.447 -395.493
181.48 -395.587
181.513 -395.681
181.548 -395.775
181.583 -395.869
181.619 -395.962
181.656 -396.055
181.694 -396.148
181.732 -396.24
