171.144 -357.209
171.556 -358.121
171.967 -359.033
172.378 -359.944
172.815 -360.914
172.855 -361.006
172.895 -361.098
172.933 -361.19
172.971 -361.283
173.008 -361.376
173.044 -361.469
173.079 -361.562
173.113 -361.656
173.146 -361.751
173.179 -361.845
173.211 -361.94
173.242 -362.035
173.272 -362.13
173.301 -362.226
173.329 -362.322
173.356 -362.418
173.383 -362.515
173.409 -362.611
173.433 -362.708
173.457 -362.805
173.48 -362.903
173.502 -363
173.524 -363.098
173.544 -363.196
173.564 -363.294
173.582 -363.392
173.6 -363.49
173.617 -363.589
173.633 -363.688
173.648 -363.787
173.662 -363.886
173.675 -363.985
173.687 -364.084
173.699 -364.183
173.711 -364.283
173.723 -364.382
173.735 -364.481
173.747 -364.58
173.759 -364.68
173.771 -364.779
173.783 -364.878
173.795 -364.978
173.807 -365.077
173.819 -365.176
173.831 -365.275
173.842 -365.375
173.854 -365.474
173.866 -365.573
173.878 -365.673
173.89 -365.772
173.902 -365.871
173.914 -365.97
173.926 -366.07
173.938 -366.169
173.95 -366.268
173.962 -366.368
173.974 -366.467
173.986 -366.566
173.998 -366.665
174.01 -366.765
174.022 -366.864
174.033 -366.963
174.045 -367.063
174.057 -367.162
174.069 -367.261
174.081 -367.36
174.093 -367.46
174.105 -367.559
174.117 -367.658
174.129 -367.758
174.141 -367.857
174.153 -367.956
174.165 -368.055
174.177 -368.155
174.189 -368.254
174.201 -368.353
174.213 -368.453
174.225 -368.552
174.236 -368.651
174.248 -368.75
174.26 -368.85
174.272 -368.949
174.284 -369.048
174.296 -369.148
174.308 -369.247
174.32 -369.346
174.332 -369.445
174.344 -369.545
174.356 -369.644
174.368 -369.743
174.38 -369.843
174.392 -369.942
174.404 -370.041
174.416 -370.14
174.427 -370.24
174.439 -370.339
174.451 -370.438
174.463 -370.538
174.475 -370.637
174.487 -370.736
174.499 -370.835
174.511 -370.935
174.523 -371.034
174.535 -371.133
174.547 -371.233
174.559 -371.332
174.571 -371.431
174.583 -371.53
174.595 -371.63
174.607 -371.729
174.618 -371.828
174.63 -371.928
174.642 -372.027
174.654 -372.126
174.666 -372.225
174.678 -372.325
174.69 -372.424
174.702 -372.523
174.714 -372.623
174.726 -372.722
174.738 -372.821
174.75 -372.92
174.762 -373.02
174.774 -373.119
174.786 -373.218
174.798 -373.318
174.809 -373.417
174.821 -373.516
174.833 -373.615
174.845 -373.715
174.857 -373.814
174.869 -373.913
174.881 -374.013
174.893 -374.112
174.905 -374.211
174.917 -374.31
174.929 -374.41
174.941 -374.509
174.953 -374.608
174.965 -374.708
174.977 -374.807
174.989 -374.906
175.001 -375.005
175.012 -375.105
175.024 -375.204
175.036 -375.303
175.048 -375.402
175.06 -375.502
175.072 -375.601
175.084 -375.7
175.096 -375.8
175.108 -375.899
175.12 -375.998
175.132 -376.098
175.144 -376.197
175.156 -376.296
175.168 -376.395
175.18 -376.495
175.192 -376.594
175.203 -376.693
175.215 -376.793
175.227 -376.892
175.239 -376.991
175.251 -377.09
175.263 -377.19
175.275 -377.289
175.287 -377.388
175.299 -377.487
175.311 -377.587
175.323 -377.686
175.335 -377.785
175.347 -377.885
175.359 -377.984
175.371 -378.083
175.383 -378.182
175.394 -378.282
175.406 -378.381
175.418 -378.48
175.43 -378.58
175.442 -378.679
175.454 -378.778
175.466 -378.877
175.478 -378.977
175.49 -379.076
175.502 -379.175
175.514 -379.275
175.526 -379.374
175.538 -379.473
175.55 -379.572
175.562 -379.672
175.574 -379.771
175.585 -379.87
175.597 -379.97
175.609 -380.069
175.621 -380.168
175.633 -380.267
175.645 -380.367
175.657 -380.466
175.669 -380.565
175.681 -380.665
175.693 -380.764
175.705 -380.863
175.717 -380.962
175.729 -381.062
175.741 -381.161
175.753 -381.26
175.765 -381.36
175.777 -381.459
175.788 -381.558
175.8 -381.657
175.812 -381.757
175.824 -381.856
175.836 -381.955
175.848 -382.055
175.861 -382.154
175.875 -382.253
175.89 -382.352
175.906 -382.45
175.922 -382.549
175.939 -382.648
175.958 -382.746
175.977 -382.844
175.997 -382.942
176.018 -383.04
176.04 -383.137
176.063 -383.235
176.086 -383.332
176.111 -383.429
176.136 -383.526
176.162 -383.622
176.19 -383.718
176.218 -383.814
176.246 -383.91
176.276 -384.005
176.307 -384.101
176.338 -384.196
176.371 -384.29
176.404 -384.385
176.438 -384.479
176.473 -384.572
176.508 -384.666
176.545 -384.759
176.582 -384.852
176.621 -384.944
176.66 -385.036
176.7 -385.128
176.74 -385.219
176.782 -385.31
