-90.5693 -113.074
-91.2487 -112.34
-91.9281 -111.606
-92.6076 -110.872
-93.287 -110.139
-93.3553 -110.066
-93.4242 -109.993
-93.4938 -109.921
-93.5641 -109.85
-93.6349 -109.78
-93.7064 -109.71
-93.7786 -109.64
-93.8514 -109.572
-93.9247 -109.504
-93.9987 -109.437
-94.0733 -109.37
-94.1485 -109.304
-94.2243 -109.239
-94.3007 -109.174
-94.3777 -109.111
-94.4552 -109.047
-94.5333 -108.985
-94.612 -108.923
-94.691 -108.862
-94.7701 -108.801
-94.8492 -108.74
-94.9282 -108.678
-95.0073 -108.617
-95.0864 -108.556
-95.1654 -108.495
-95.2445 -108.433
-95.3236 -108.372
-95.4026 -108.311
-95.4817 -108.25
-95.5607 -108.188
-95.6398 -108.127
-95.7189 -108.066
-95.7979 -108.005
-95.877 -107.944
-95.9561 -107.882
-96.0351 -107.821
-96.1142 -107.76
-96.1932 -107.699
-96.2723 -107.637
-96.3514 -107.576
-96.4304 -107.515
-96.5095 -107.454
-96.5886 -107.392
-96.6676 -107.331
-96.7467 -107.27
-96.8257 -107.209
-96.9048 -107.148
-96.9839 -107.086
-97.0629 -107.025
-97.142 -106.964
-97.2211 -106.903
-97.3001 -106.841
-97.3792 -106.78
-97.4582 -106.719
-97.5373 -106.658
-97.6164 -106.596
-97.6954 -106.535
-97.7745 -106.474
-97.8536 -106.413
-97.9326 -106.352
-98.0117 -106.29
-98.0907 -106.229
-98.1698 -106.168
-98.2489 -106.107
-98.3279 -106.045
-98.407 -105.984
-98.4861 -105.923
-98.5651 -105.862
-98.6442 -105.8
-98.7233 -105.739
-98.8023 -105.678
-98.8814 -105.617
-98.9604 -105.556
-99.0395 -105.494
-99.1186 -105.433
-99.1976 -105.372
-99.2767 -105.311
-99.3558 -105.249
-99.4348 -105.188
-99.5139 -105.127
-99.5929 -105.066
-99.672 -105.004
-99.7511 -104.943
-99.8301 -104.882
-99.9092 -104.821
-99.9883 -104.76
-100.068 -104.699
-100.148 -104.639
-100.228 -104.579
-100.309 -104.521
-100.391 -104.463
-100.473 -104.406
-100.555 -104.349
-100.639 -104.294
-100.722 -104.239
-100.806 -104.185
-100.891 -104.132
-100.976 -104.079
-101.061 -104.027
-101.147 -103.976
-101.234 -103.926
-101.321 -103.876
-101.408 -103.828
-101.496 -103.78
-101.584 -103.733
-101.673 -103.687
-101.762 -103.641
-101.851 -103.596
-101.941 -103.553
-102.031 -103.51
-102.122 -103.467
-102.213 -103.426
-102.305 -103.385
-102.396 -103.346
-102.488 -103.307
-102.581 -103.269
-102.674 -103.231
-102.767 -103.195
-102.86 -103.159
-102.954 -103.125
