-90.5693 -113.074
-91.2487 -112.34
-91.9281 -111.606
-92.6076 -110.872
-93.287 -110.139
-93.3553 -110.066
-93.4242 -109.993
-93.4938 -109.921
-93.5641 -109.85
-93.6349 -109.78
-93.7064 -109.71
-93.7786 -109.64
-93.8514 -109.572
-93.9247 -109.504
-93.9987 -109.437
-94.0733 -109.37
-94.1485 -109.304
-94.2243 -109.239
-94.3007 -109.174
-94.3777 -109.111
-94.4548 -109.047
-94.532 -108.983
-94.6092 -108.92
-94.6863 -108.856
-94.7635 -108.793
-94.8407 -108.729
-94.9179 -108.665
-94.995 -108.602
-95.0722 -108.538
-95.1494 -108.475
-95.2265 -108.411
-95.3037 -108.347
-95.3809 -108.284
-95.458 -108.22
-95.5352 -108.157
-95.6124 -108.093
-95.6895 -108.029
-95.7667 -107.966
-95.8439 -107.902
-95.921 -107.839
-95.9982 -107.775
-96.0754 -107.711
-96.1525 -107.648
-96.2297 -107.584
-96.3069 -107.521
-96.384 -107.457
-96.4612 -107.393
-96.5384 -107.33
-96.6155 -107.266
-96.6927 -107.202
-96.7699 -107.139
-96.8471 -107.075
-96.9242 -107.012
-97.0014 -106.948
-97.0786 -106.884
-97.1557 -106.821
-97.2329 -106.757
-97.3101 -106.694
-97.3872 -106.63
-97.4644 -106.566
-97.5416 -106.503
-97.6187 -106.439
-97.6959 -106.376
-97.7731 -106.312
-97.8502 -106.248
-97.9274 -106.185
-98.0046 -106.121
-98.0817 -106.058
-98.1589 -105.994
-98.2361 -105.93
-98.3132 -105.867
-98.3904 -105.803
-98.4676 -105.74
-98.5447 -105.676
-98.6219 -105.612
-98.6991 -105.549
-98.7763 -105.485
-98.8534 -105.422
-98.9306 -105.358
-99.0082 -105.295
-99.0864 -105.233
-99.1651 -105.171
-99.2444 -105.11
-99.3242 -105.05
-99.4046 -104.99
-99.4855 -104.932
-99.5669 -104.873
-99.6489 -104.816
-99.7313 -104.76
-99.8143 -104.704
-99.8978 -104.649
-99.9818 -104.594
-100.066 -104.541
-100.151 -104.488
-100.237 -104.436
-100.323 -104.385
-100.409 -104.335
-100.496 -104.285
-100.583 -104.236
-100.671 -104.188
-100.759 -104.141
-100.847 -104.094
-100.936 -104.049
-101.026 -104.004
-101.115 -103.96
