-213.964 656.146 318.299
-213.89 656.079 317.727
-213.816 656.011 317.154
-213.743 655.943 316.581
-213.671 655.874 316.008
-213.599 655.804 315.436
-213.528 655.734 314.863
-213.458 655.662 314.29
-213.389 655.591 313.717
-213.32 655.518 313.145
-213.252 655.445 312.572
-213.185 655.371 311.999
-213.118 655.296 311.426
-213.052 655.221 311.131
-212.986 655.145 311.131
-212.921 655.07 311.131
-212.855 654.995 311.131
-212.789 654.919 311.131
-212.723 654.844 311.131
-212.658 654.769 311.131
-212.592 654.693 311.131
-212.526 654.618 311.131
-212.46 654.543 311.131
-212.394 654.468 311.131
-212.329 654.392 311.131
-212.263 654.317 311.131
-212.197 654.242 311.131
-212.131 654.166 311.131
-212.065 654.091 311.131
-212 654.016 311.131
-211.934 653.94 311.131
-211.868 653.865 311.131
-211.802 653.79 311.131
-211.737 653.714 311.131
-211.671 653.639 311.131
-211.605 653.564 311.131
-211.539 653.488 311.131
-211.473 653.413 311.131
-211.408 653.338 311.131
-211.342 653.262 311.131
-211.276 653.187 311.131
-211.21 653.112 311.131
-211.145 653.036 311.131
-211.079 652.961 311.131
-211.013 652.886 311.131
-210.947 652.81 311.131
-210.882 652.735 311.131
-210.816 652.66 311.131
-210.75 652.584 311.131
-210.684 652.509 311.131
-210.618 652.434 311.131
-210.553 652.359 311.131
-210.487 652.283 311.131
-210.421 652.208 311.131
-210.355 652.133 311.131
-210.289 652.057 311.131
-210.224 651.982 311.131
-210.158 651.907 311.131
-210.092 651.831 311.131
-210.026 651.756 311.131
-209.961 651.681 311.131
-209.895 651.605 311.131
-209.829 651.53 311.131
-209.763 651.455 311.131
-209.697 651.379 311.131
-209.632 651.304 311.131
-209.566 651.229 311.131
-209.5 651.153 311.131
-209.434 651.078 311.131
-209.369 651.003 311.131
-209.303 650.927 311.131
-209.237 650.852 311.131
-209.171 650.777 311.131
-209.105 650.701 311.131
-209.04 650.626 311.131
-208.974 650.551 311.131
-208.908 650.476 311.131
-208.842 650.4 311.131
-208.777 650.325 311.131
-208.711 650.25 311.131
-208.645 650.174 311.131
-208.579 650.099 311.131
-208.513 650.024 311.131
-208.448 649.948 311.131
-208.382 649.873 311.131
-208.316 649.798 311.131
-208.25 649.722 311.131
-208.185 649.647 311.131
-208.119 649.572 311.131
-208.053 649.496 311.131
-207.987 649.421 311.131
-207.921 649.346 311.131
-207.856 649.27 311.131
-207.79 649.195 311.131
-207.724 649.12 311.131
-207.658 649.044 311.131
-207.593 648.969 311.131
-207.527 648.894 311.131
-207.461 648.818 311.131
-207.395 648.743 311.131
-207.329 648.668 311.131
-207.264 648.592 311.131
-207.198 648.517 311.131
-207.132 648.442 311.131
-207.066 648.367 311.131
-207.001 648.291 311.131
-206.935 648.216 311.131
-206.869 648.141 311.131
-206.803 648.065 311.131
-206.737 647.99 311.131
-206.672 647.915 311.131
-206.606 647.839 311.131
-206.54 647.764 311.131
-206.474 647.689 311.131
-206.409 647.613 311.131
-206.343 647.538 311.131
-206.277 647.463 311.131
-206.211 647.387 311.131
-206.145 647.312 311.131
-206.08 647.237 311.131
-206.014 647.161 311.131
-205.948 647.086 311.131
-205.882 647.011 311.131
-205.817 646.935 311.131
-205.751 646.86 311.131
-205.685 646.785 311.131
-205.619 646.709 311.131
-205.553 646.634 311.131
-205.488 646.559 311.131
-205.422 646.483 311.131
-205.356 646.408 311.131
-205.29 646.333 311.131
-205.225 646.258 311.131
-205.159 646.182 311.131
-205.093 646.107 311.131
-205.027 646.032 311.131
-204.961 645.956 311.131
-204.896 645.881 311.131
-204.83 645.806 311.131
-204.764 645.73 311.131
-204.698 645.655 311.131
-204.633 645.58 311.131
-204.567 645.504 311.131
-204.501 645.429 311.131
-204.435 645.354 311.131
-204.369 645.278 311.131
-204.304 645.203 311.131
-204.238 645.128 311.131
-204.172 645.052 311.131
-204.106 644.977 311.131
-204.041 644.902 311.131
-203.975 644.826 311.131
-203.909 644.751 311.131
-203.843 644.676 311.131
-203.777 644.6 311.131
-203.712 644.525 311.131
-203.646 644.45 311.131
-203.58 644.375 311.131
-203.514 644.299 311.131
-203.449 644.224 311.131
-203.383 644.148 311.131
-203.317 644.073 311.131
-203.251 643.998 311.131
-203.185 643.923 311.131
-203.12 643.847 311.131
-203.054 643.772 311.131
-202.988 643.697 311.131
-202.922 643.621 311.131
-202.857 643.546 311.131
-202.791 643.471 311.131
-202.725 643.395 311.131
-202.659 643.32 311.131
-202.593 643.245 311.131
-202.528 643.169 311.131
-202.462 643.094 311.131
-202.396 643.019 311.131
-202.33 642.943 311.131
-202.265 642.868 311.131
-202.199 642.793 311.131
-202.133 642.717 311.131
-202.067 642.642 311.131
-202.001 642.567 311.131
-201.936 642.491 311.131
-201.87 642.416 311.131
-201.804 642.341 311.131
-201.738 642.266 311.131
-201.673 642.19 311.131
-201.607 642.115 311.131
-201.541 642.04 311.131
-201.475 641.964 311.131
-201.409 641.889 311.131
-201.344 641.814 311.131
-201.278 641.738 311.131
-201.212 641.663 311.131
-201.146 641.588 311.131
-201.081 641.512 311.131
-201.015 641.437 311.131
-200.949 641.362 311.131
-200.883 641.286 311.131
-200.817 641.211 311.131
-200.752 641.136 311.131
-200.686 641.06 311.131
-200.62 640.985 311.131
-200.554 640.91 311.131
-200.489 640.834 311.131
-200.423 640.759 311.131
-200.357 640.684 311.131
-200.291 640.608 311.131
-200.225 640.533 311.131
-200.16 640.458 311.131
-200.094 640.382 311.131
-200.028 640.307 311.131
-199.962 640.232 311.131
-199.897 640.156 311.131
-199.831 640.081 311.131
-199.765 640.006 311.131
-199.699 639.931 311.131
-199.633 639.855 311.131
-199.568 639.78 311.131
-199.502 639.705 311.131
-199.436 639.629 311.131
-199.37 639.554 311.131
-199.305 639.479 311.131
-199.239 639.403 311.131
-199.173 639.328 311.131
-199.107 639.253 311.131
-199.041 639.177 311.131
-198.976 639.102 311.131
-198.91 639.027 311.131
-198.844 638.951 311.131
-198.778 638.876 311.131
-198.713 638.801 311.131
-198.647 638.725 311.131
-198.581 638.65 311.131
-198.515 638.575 311.131
-198.449 638.499 311.131
-198.384 638.424 311.131
-198.318 638.349 311.131
-198.252 638.273 311.131
-198.186 638.198 311.131
-198.121 638.123 311.131
-198.055 638.047 311.131
-197.989 637.972 311.131
-197.923 637.897 311.131
-197.857 637.822 311.131
-197.792 637.746 311.131
-197.726 637.671 311.131
-197.66 637.596 311.131
-197.594 637.52 311.131
-197.529 637.445 311.131
-197.463 637.37 311.131
-197.397 637.294 311.131
-197.331 637.219 311.131
-197.265 637.144 311.131
-197.2 637.068 311.131
-197.134 636.993 311.131
-197.068 636.918 311.131
-197.002 636.842 311.131
-196.936 636.767 311.131
-196.871 636.692 311.131
-196.805 636.616 311.131
-196.739 636.541 311.131
-196.673 636.466 311.131
-196.608 636.39 311.131
-196.542 636.315 311.131
-196.476 636.24 311.131
-196.41 636.164 311.131
-196.344 636.089 311.131
-196.279 636.014 311.131
-196.213 635.938 311.131
-196.147 635.863 311.131
-196.081 635.788 311.131
-196.016 635.713 311.131
-195.95 635.637 311.131
-195.884 635.562 311.131
-195.818 635.487 311.131
-195.752 635.411 311.131
-195.687 635.336 311.131
-195.621 635.261 311.131
-195.555 635.185 311.131
-195.489 635.11 311.131
-195.424 635.035 311.131
-195.358 634.959 311.131
-195.292 634.884 311.131
-195.226 634.809 311.131
-195.16 634.733 311.131
-195.095 634.658 311.131
-195.029 634.583 311.131
-194.963 634.507 311.131
-194.897 634.432 311.131
-194.832 634.357 311.131
-194.766 634.281 311.131
-194.7 634.206 311.131
-194.634 634.131 311.131
-194.568 634.055 311.131
-194.503 633.98 311.131
-194.437 633.905 311.131
-194.371 633.83 311.131
-194.305 633.754 311.131
-194.24 633.679 311.131
-194.174 633.604 311.131
-194.108 633.528 311.131
-194.042 633.453 311.131
-193.976 633.378 311.131
-193.911 633.302 311.131
-193.845 633.227 311.131
-193.779 633.152 311.131
-193.713 633.076 311.131
-193.648 633.001 311.131
-193.582 632.926 311.131
-193.516 632.85 311.131
-193.45 632.775 311.131
-193.384 632.7 311.131
-193.319 632.624 311.131
-193.253 632.549 311.131
-193.187 632.474 311.131
-193.121 632.398 311.131
-193.056 632.323 311.131
-192.99 632.248 311.131
-192.924 632.172 311.131
-192.858 632.097 311.131
-192.792 632.022 311.131
-192.727 631.946 311.131
-192.661 631.871 311.131
-192.595 631.796 311.131
-192.529 631.721 311.131
-192.464 631.645 311.131
-192.398 631.57 311.131
-192.332 631.495 311.131
-192.266 631.419 311.131
-192.2 631.344 311.131
-192.135 631.269 311.131
-192.069 631.193 311.131
-192.003 631.118 311.131
-191.937 631.043 311.131
-191.872 630.967 311.131
-191.806 630.892 311.131
-191.74 630.817 311.131
-191.674 630.741 311.131
-191.608 630.666 311.131
-191.543 630.591 311.131
-191.477 630.515 311.131
-191.411 630.44 311.131
-191.345 630.365 311.131
-191.28 630.289 311.131
-191.214 630.214 311.131
-191.148 630.139 311.131
-191.082 630.063 311.131
-191.016 629.988 311.131
-190.951 629.913 311.131
-190.885 629.837 311.131
-190.819 629.762 311.131
-190.753 629.687 311.131
-190.688 629.612 311.131
-190.622 629.536 311.131
-190.556 629.461 311.131
-190.49 629.386 311.131
-190.424 629.31 311.131
-190.359 629.235 311.131
-190.293 629.16 311.131
-190.227 629.084 311.131
-190.161 629.009 311.131
-190.096 628.934 311.131
-190.03 628.858 311.131
-189.964 628.783 311.131
-189.898 628.708 311.131
-189.832 628.632 311.131
-189.767 628.557 311.131
-189.701 628.482 311.131
-189.635 628.406 311.131
-189.569 628.331 311.131
-189.504 628.256 311.131
-189.438 628.18 311.131
-189.372 628.105 311.131
-189.306 628.03 311.131
-189.24 627.954 311.131
-189.175 627.879 311.131
-189.109 627.804 311.131
-189.043 627.729 311.131
-188.977 627.653 311.131
-188.912 627.578 311.131
-188.846 627.503 311.131
-188.78 627.427 311.131
-188.714 627.352 311.131
-188.648 627.277 311.131
-188.583 627.201 311.131
-188.517 627.126 311.131
-188.451 627.051 311.131
-188.385 626.975 311.131
-188.32 626.9 311.131
-188.254 626.825 311.131
-188.188 626.749 311.131
-188.122 626.674 311.131
-188.056 626.599 311.342
-187.99 626.524 311.915
-187.923 626.45 312.487
-187.855 626.376 313.06
-187.786 626.304 313.633
-187.717 626.232 314.206
-187.647 626.16 314.778
-187.576 626.09 315.351
-187.504 626.02 315.924
-187.432 625.951 316.497
-187.359 625.882 317.069
-187.286 625.814 317.642
-187.212 625.747 318.215
-187.137 625.681 318.788
-187.061 625.616 319.36
-186.985 625.551 319.933
-186.908 625.487 320.506
-186.831 625.424 321.079
-186.753 625.361 321.651
-186.674 625.3 322.224
-186.594 625.239 322.797
-186.514 625.179 323.37
-186.434 625.119 323.942
-186.353 625.061 324.515
-186.271 625.003 325.088
-186.189 624.947 325.661
-186.106 624.891 326.233
-186.023 624.835 326.806
-185.939 624.781 327.379
-185.854 624.728 327.952
-185.769 624.675 328.524
-185.684 624.623 329.097
-185.597 624.572 329.67
-185.511 624.522 330.243
-185.424 624.473 330.815
-185.336 624.425 331.388
-185.248 624.377 331.961
-185.16 624.331 332.534
-185.071 624.285 333.106
-184.981 624.24 333.679
-184.892 624.196 334.252
