-90.5693 -113.074
-91.2487 -112.34
-91.9281 -111.606
-92.6076 -110.872
-93.287 -110.139
-93.3551 -110.065
-93.4232 -109.992
-93.4914 -109.919
-93.5595 -109.846
-93.6276 -109.773
-93.6957 -109.699
-93.7639 -109.626
-93.832 -109.553
-93.9001 -109.48
-93.9682 -109.407
-94.0364 -109.333
-94.1045 -109.26
-94.1726 -109.187
-94.2407 -109.114
-94.3088 -109.041
-94.377 -108.967
-94.4451 -108.894
-94.5132 -108.821
-94.5813 -108.748
-94.6495 -108.674
-94.7176 -108.601
-94.7857 -108.528
-94.8538 -108.455
-94.922 -108.382
-94.9908 -108.309
-95.0602 -108.237
-95.1302 -108.166
-95.2009 -108.095
-95.2722 -108.025
-95.3442 -107.955
-95.4168 -107.887
-95.49 -107.819
-95.5638 -107.751
-95.6383 -107.684
-95.7133 -107.618
-95.7889 -107.553
-95.8651 -107.488
-95.9419 -107.424
-96.0193 -107.361
-96.0973 -107.298
