171.144 -357.209
171.556 -358.121
171.967 -359.033
172.378 -359.944
172.793 -360.864
172.833 -360.956
172.873 -361.047
172.912 -361.14
172.95 -361.232
172.988 -361.325
173.024 -361.418
173.06 -361.511
173.094 -361.605
173.128 -361.699
173.161 -361.794
173.194 -361.888
173.225 -361.983
173.255 -362.078
173.285 -362.174
173.314 -362.27
173.342 -362.366
173.369 -362.462
173.395 -362.559
173.42 -362.655
173.444 -362.752
173.468 -362.85
173.49 -362.947
173.512 -363.045
173.533 -363.142
173.553 -363.24
173.574 -363.338
173.594 -363.436
173.614 -363.534
173.635 -363.632
173.655 -363.73
173.675 -363.828
173.696 -363.926
173.716 -364.024
173.736 -364.121
173.757 -364.219
173.777 -364.317
173.797 -364.415
173.818 -364.513
173.838 -364.611
173.858 -364.709
173.879 -364.807
173.899 -364.905
173.92 -365.003
173.94 -365.101
173.96 -365.198
173.981 -365.296
174.001 -365.394
174.021 -365.492
174.042 -365.59
174.062 -365.688
174.082 -365.786
174.103 -365.884
174.123 -365.982
174.143 -366.08
174.164 -366.178
174.184 -366.275
174.204 -366.373
174.225 -366.471
174.245 -366.569
174.265 -366.667
174.286 -366.765
174.306 -366.863
174.326 -366.961
174.347 -367.059
174.367 -367.157
174.387 -367.255
174.408 -367.352
174.428 -367.45
174.448 -367.548
174.469 -367.646
174.489 -367.744
174.509 -367.842
174.53 -367.94
174.55 -368.038
174.57 -368.136
174.591 -368.234
174.611 -368.332
174.631 -368.429
174.652 -368.527
174.672 -368.625
174.692 -368.723
174.713 -368.821
174.733 -368.919
174.753 -369.017
174.774 -369.115
174.794 -369.213
174.814 -369.311
174.835 -369.409
174.855 -369.506
174.875 -369.604
174.896 -369.702
174.916 -369.8
174.936 -369.898
174.957 -369.996
174.977 -370.094
174.997 -370.192
175.018 -370.29
175.038 -370.388
175.058 -370.486
175.079 -370.583
175.099 -370.681
175.119 -370.779
175.14 -370.877
175.16 -370.975
175.18 -371.073
175.201 -371.171
175.221 -371.269
175.242 -371.367
175.262 -371.465
175.282 -371.563
175.303 -371.66
175.323 -371.758
175.343 -371.856
175.364 -371.954
175.384 -372.052
175.404 -372.15
175.425 -372.248
175.445 -372.346
175.465 -372.444
175.486 -372.542
175.506 -372.64
175.526 -372.737
175.547 -372.835
175.567 -372.933
175.587 -373.031
175.608 -373.129
175.628 -373.227
175.648 -373.325
175.669 -373.423
175.689 -373.521
175.709 -373.619
175.73 -373.717
175.75 -373.814
175.77 -373.912
175.791 -374.01
175.811 -374.108
175.831 -374.206
175.852 -374.304
175.872 -374.402
175.892 -374.5
175.913 -374.598
175.933 -374.696
175.953 -374.794
175.974 -374.892
175.994 -374.989
176.014 -375.087
176.035 -375.185
176.055 -375.283
176.075 -375.381
176.096 -375.479
176.116 -375.577
176.136 -375.675
176.157 -375.773
176.177 -375.871
176.197 -375.969
176.218 -376.066
176.238 -376.164
176.258 -376.262
176.279 -376.36
176.299 -376.458
176.319 -376.556
176.34 -376.654
176.36 -376.752
176.38 -376.85
176.401 -376.948
176.421 -377.046
176.441 -377.143
176.462 -377.241
176.482 -377.339
176.503 -377.437
176.523 -377.535
176.543 -377.633
176.564 -377.731
176.584 -377.829
176.604 -377.927
176.625 -378.025
176.645 -378.123
176.665 -378.22
176.686 -378.318
176.706 -378.416
176.726 -378.514
176.747 -378.612
176.767 -378.71
176.787 -378.808
176.808 -378.906
176.828 -379.004
176.848 -379.102
176.869 -379.2
176.889 -379.297
176.909 -379.395
176.93 -379.493
176.95 -379.591
176.97 -379.689
176.991 -379.787
177.011 -379.885
177.031 -379.983
177.052 -380.081
177.072 -380.179
177.092 -380.277
177.113 -380.374
177.133 -380.472
177.153 -380.57
177.174 -380.668
177.194 -380.766
177.214 -380.864
177.235 -380.962
177.255 -381.06
177.275 -381.158
177.296 -381.256
177.316 -381.354
177.336 -381.451
177.357 -381.549
177.377 -381.647
177.397 -381.745
177.418 -381.843
177.438 -381.941
177.458 -382.039
177.479 -382.137
177.499 -382.235
177.519 -382.333
177.54 -382.431
177.56 -382.528
177.58 -382.626
177.601 -382.724
177.621 -382.822
177.641 -382.92
177.662 -383.018
177.682 -383.116
177.702 -383.214
177.723 -383.312
177.743 -383.41
177.763 -383.508
177.784 -383.605
177.804 -383.703
177.825 -383.801
177.845 -383.899
177.865 -383.997
177.886 -384.095
177.906 -384.193
177.926 -384.291
177.947 -384.389
177.967 -384.487
177.987 -384.585
178.008 -384.682
178.028 -384.78
178.048 -384.878
178.069 -384.976
178.089 -385.074
178.109 -385.172
178.13 -385.27
178.15 -385.368
178.17 -385.466
178.191 -385.564
178.211 -385.662
178.231 -385.76
178.252 -385.857
178.272 -385.955
178.292 -386.053
178.313 -386.151
178.333 -386.249
178.353 -386.347
178.374 -386.445
178.394 -386.543
178.414 -386.641
178.435 -386.739
178.455 -386.837
178.475 -386.934
178.496 -387.032
178.516 -387.13
178.536 -387.228
178.557 -387.326
178.577 -387.424
178.597 -387.522
178.618 -387.62
178.638 -387.718
178.658 -387.816
178.679 -387.914
178.699 -388.011
178.719 -388.109
178.74 -388.207
178.76 -388.305
178.78 -388.403
178.801 -388.501
178.821 -388.599
178.841 -388.697
178.862 -388.795
178.882 -388.893
178.902 -388.991
178.923 -389.088
178.943 -389.186
178.963 -389.284
178.984 -389.382
179.005 -389.48
179.027 -389.577
179.05 -389.675
179.074 -389.772
179.099 -389.869
179.125 -389.965
179.151 -390.062
179.179 -390.158
179.207 -390.254
179.236 -390.349
179.266 -390.445
179.297 -390.54
179.329 -390.635
179.362 -390.729
179.395 -390.824
179.429 -390.917
179.465 -391.011
179.501 -391.104
179.537 -391.197
179.575 -391.29
179.614 -391.382
179.653 -391.474
179.693 -391.566
179.734 -391.657
