171.144 -357.209
171.556 -358.121
171.967 -359.033
172.378 -359.944
172.808 -360.897
172.848 -360.989
172.887 -361.081
172.926 -361.173
172.964 -361.266
173.001 -361.359
173.037 -361.452
173.072 -361.545
173.107 -361.639
173.14 -361.733
173.173 -361.828
173.205 -361.923
173.236 -362.018
173.266 -362.113
173.295 -362.209
173.324 -362.305
173.351 -362.401
173.378 -362.497
173.404 -362.594
173.429 -362.69
173.453 -362.788
173.476 -362.885
173.499 -362.982
173.521 -363.08
173.544 -363.177
173.566 -363.275
173.589 -363.372
173.611 -363.469
173.634 -363.567
173.656 -363.664
173.679 -363.762
173.701 -363.859
173.724 -363.957
173.746 -364.054
173.769 -364.151
173.791 -364.249
173.814 -364.346
173.836 -364.444
173.859 -364.541
173.881 -364.639
173.904 -364.736
173.926 -364.833
173.949 -364.931
173.971 -365.028
173.994 -365.126
174.016 -365.223
174.039 -365.321
174.061 -365.418
174.084 -365.516
174.106 -365.613
174.129 -365.71
174.151 -365.808
174.174 -365.905
174.196 -366.003
174.219 -366.1
174.241 -366.198
174.264 -366.295
174.286 -366.392
174.309 -366.49
174.331 -366.587
174.354 -366.685
174.377 -366.782
174.399 -366.88
174.422 -366.977
174.444 -367.074
174.467 -367.172
174.489 -367.269
174.512 -367.367
174.534 -367.464
174.557 -367.562
174.579 -367.659
174.602 -367.756
174.624 -367.854
174.647 -367.951
174.669 -368.049
174.692 -368.146
174.714 -368.244
174.737 -368.341
174.759 -368.438
174.782 -368.536
174.804 -368.633
174.827 -368.731
174.849 -368.828
174.872 -368.926
174.894 -369.023
174.917 -369.121
174.939 -369.218
174.962 -369.315
174.984 -369.413
175.007 -369.51
175.029 -369.608
175.052 -369.705
175.074 -369.803
175.097 -369.9
175.119 -369.997
175.142 -370.095
175.164 -370.192
175.187 -370.29
175.209 -370.387
175.232 -370.485
175.254 -370.582
175.277 -370.679
175.299 -370.777
175.322 -370.874
175.344 -370.972
175.367 -371.069
175.389 -371.167
175.412 -371.264
175.434 -371.361
175.457 -371.459
175.479 -371.556
175.502 -371.654
175.524 -371.751
175.547 -371.849
175.569 -371.946
175.592 -372.044
175.614 -372.141
175.637 -372.238
175.659 -372.336
175.682 -372.433
175.704 -372.531
175.727 -372.628
175.749 -372.726
175.772 -372.823
175.795 -372.92
175.817 -373.018
175.84 -373.115
175.862 -373.213
175.885 -373.31
175.907 -373.408
175.93 -373.505
175.952 -373.602
175.975 -373.7
175.997 -373.797
176.02 -373.895
176.042 -373.992
176.065 -374.09
176.087 -374.187
176.11 -374.284
176.132 -374.382
176.155 -374.479
176.177 -374.577
176.2 -374.674
176.222 -374.772
176.245 -374.869
176.267 -374.967
176.29 -375.064
176.312 -375.161
176.335 -375.259
176.357 -375.356
176.38 -375.454
176.402 -375.551
176.425 -375.649
176.447 -375.746
176.47 -375.843
176.492 -375.941
176.515 -376.038
176.537 -376.136
176.56 -376.233
176.582 -376.331
176.605 -376.428
176.627 -376.525
176.65 -376.623
176.672 -376.72
176.695 -376.818
176.717 -376.915
176.74 -377.013
176.762 -377.11
176.785 -377.208
176.807 -377.305
176.83 -377.402
176.852 -377.5
176.875 -377.597
176.897 -377.695
176.92 -377.792
176.942 -377.89
176.965 -377.987
176.987 -378.084
177.01 -378.182
177.032 -378.279
177.055 -378.377
177.077 -378.474
177.1 -378.572
177.123 -378.669
177.145 -378.766
177.168 -378.864
177.19 -378.961
177.213 -379.059
177.235 -379.156
177.258 -379.254
177.28 -379.351
177.303 -379.448
177.325 -379.546
177.348 -379.643
177.37 -379.741
177.393 -379.838
177.415 -379.936
177.438 -380.033
177.46 -380.131
177.483 -380.228
177.505 -380.325
177.528 -380.423
177.55 -380.52
177.573 -380.618
177.595 -380.715
177.618 -380.813
177.64 -380.91
177.663 -381.007
177.685 -381.105
177.708 -381.202
177.73 -381.3
177.753 -381.397
177.775 -381.495
177.798 -381.592
177.82 -381.689
177.843 -381.787
177.865 -381.884
177.888 -381.982
177.91 -382.079
177.933 -382.177
177.955 -382.274
177.978 -382.372
178 -382.469
178.023 -382.566
178.045 -382.664
178.068 -382.761
178.09 -382.859
178.113 -382.956
178.135 -383.054
178.158 -383.151
178.18 -383.248
178.203 -383.346
178.225 -383.443
178.248 -383.541
178.27 -383.638
178.293 -383.736
178.315 -383.833
178.338 -383.93
178.36 -384.028
178.383 -384.125
178.405 -384.223
178.428 -384.32
178.451 -384.418
178.473 -384.515
178.496 -384.613
178.518 -384.71
178.541 -384.807
178.563 -384.905
178.586 -385.002
178.608 -385.1
178.631 -385.197
178.653 -385.295
178.676 -385.392
178.698 -385.489
178.721 -385.587
178.743 -385.684
178.766 -385.782
178.788 -385.879
178.811 -385.977
178.833 -386.074
178.856 -386.171
178.878 -386.269
178.901 -386.366
178.923 -386.464
178.946 -386.561
178.968 -386.659
178.991 -386.756
179.013 -386.853
179.036 -386.951
179.058 -387.048
179.081 -387.146
179.103 -387.243
179.126 -387.341
179.148 -387.438
179.171 -387.536
179.193 -387.633
179.216 -387.73
179.238 -387.828
179.261 -387.925
179.283 -388.023
179.306 -388.12
179.328 -388.218
179.351 -388.315
179.373 -388.412
179.396 -388.51
179.418 -388.607
179.441 -388.705
179.463 -388.802
179.486 -388.9
179.508 -388.997
179.531 -389.094
179.553 -389.192
179.576 -389.289
179.598 -389.387
179.621 -389.484
179.643 -389.582
179.666 -389.679
179.688 -389.777
179.711 -389.874
179.733 -389.971
179.756 -390.069
179.778 -390.166
179.801 -390.264
179.824 -390.361
179.846 -390.459
179.869 -390.556
179.891 -390.653
179.914 -390.751
179.936 -390.848
179.959 -390.946
179.981 -391.043
180.004 -391.141
180.026 -391.238
180.049 -391.335
180.071 -391.433
180.094 -391.53
180.116 -391.628
180.139 -391.725
180.161 -391.823
180.184 -391.92
180.206 -392.018
180.229 -392.115
180.251 -392.212
180.274 -392.31
180.296 -392.407
180.319 -392.505
180.342 -392.602
180.366 -392.699
180.391 -392.796
180.417 -392.892
180.444 -392.989
180.471 -393.085
180.5 -393.181
180.529 -393.276
180.559 -393.372
180.59 -393.467
180.622 -393.561
180.655 -393.656
180.689 -393.75
180.723 -393.844
180.759 -393.938
180.795 -394.031
180.832 -394.124
180.87 -394.216
180.908 -394.308
180.948 -394.4
