171.144 -357.209
171.556 -358.121
171.967 -359.033
172.378 -359.944
172.815 -360.915
172.855 -361.006
172.895 -361.098
172.933 -361.19
172.971 -361.283
173.008 -361.376
173.044 -361.469
173.079 -361.563
173.113 -361.657
173.147 -361.751
173.179 -361.846
173.211 -361.941
173.242 -362.036
173.272 -362.131
173.301 -362.227
173.329 -362.323
173.357 -362.419
173.383 -362.515
173.409 -362.612
173.434 -362.709
173.457 -362.806
173.48 -362.903
173.503 -363.001
173.524 -363.098
173.544 -363.196
173.564 -363.294
173.582 -363.393
173.6 -363.491
173.617 -363.59
173.633 -363.688
173.648 -363.787
173.662 -363.886
173.675 -363.985
173.687 -364.085
173.699 -364.184
173.709 -364.283
173.719 -364.383
173.728 -364.483
173.736 -364.582
173.744 -364.682
173.753 -364.782
173.761 -364.881
173.769 -364.981
173.778 -365.08
173.786 -365.18
173.794 -365.28
173.803 -365.379
173.811 -365.479
173.819 -365.579
173.828 -365.678
173.836 -365.778
173.844 -365.878
173.853 -365.977
173.861 -366.077
173.869 -366.177
173.878 -366.276
173.886 -366.376
173.894 -366.476
173.903 -366.575
173.911 -366.675
173.919 -366.775
173.928 -366.874
173.936 -366.974
173.944 -367.074
173.953 -367.173
173.961 -367.273
173.969 -367.372
173.978 -367.472
173.986 -367.572
173.994 -367.671
174.003 -367.771
174.011 -367.871
174.019 -367.97
174.028 -368.07
174.036 -368.17
174.044 -368.269
174.053 -368.369
174.061 -368.469
174.069 -368.568
174.078 -368.668
174.086 -368.768
174.094 -368.867
174.103 -368.967
174.111 -369.067
174.119 -369.166
174.128 -369.266
174.136 -369.366
174.144 -369.465
174.153 -369.565
174.161 -369.664
174.169 -369.764
174.178 -369.864
174.186 -369.963
174.194 -370.063
174.203 -370.163
174.211 -370.262
174.219 -370.362
174.228 -370.462
174.236 -370.561
174.244 -370.661
174.253 -370.761
174.261 -370.86
174.269 -370.96
174.278 -371.06
174.286 -371.159
174.294 -371.259
174.303 -371.359
174.311 -371.458
174.319 -371.558
174.328 -371.658
174.336 -371.757
174.344 -371.857
174.353 -371.957
174.361 -372.056
174.369 -372.156
174.378 -372.255
174.386 -372.355
174.394 -372.455
174.403 -372.554
174.411 -372.654
174.419 -372.754
174.428 -372.853
174.436 -372.953
174.444 -373.053
174.453 -373.152
174.461 -373.252
174.469 -373.352
174.478 -373.451
174.486 -373.551
174.494 -373.651
174.503 -373.75
174.511 -373.85
174.519 -373.95
174.528 -374.049
174.536 -374.149
174.544 -374.249
174.553 -374.348
174.561 -374.448
174.569 -374.547
174.577 -374.647
174.586 -374.747
174.594 -374.846
174.602 -374.946
174.611 -375.046
174.619 -375.145
174.627 -375.245
174.636 -375.345
174.644 -375.444
174.652 -375.544
174.661 -375.644
174.669 -375.743
174.677 -375.843
174.686 -375.943
174.694 -376.042
174.702 -376.142
174.711 -376.242
174.719 -376.341
174.727 -376.441
174.736 -376.541
174.744 -376.64
174.752 -376.74
174.761 -376.839
174.769 -376.939
174.777 -377.039
174.786 -377.138
174.794 -377.238
174.802 -377.338
174.811 -377.437
174.819 -377.537
174.827 -377.637
174.836 -377.736
174.844 -377.836
174.852 -377.936
174.861 -378.035
174.869 -378.135
174.877 -378.235
174.886 -378.334
174.894 -378.434
174.902 -378.534
174.911 -378.633
174.919 -378.733
174.927 -378.833
174.936 -378.932
174.944 -379.032
174.952 -379.131
174.961 -379.231
174.969 -379.331
174.977 -379.43
174.986 -379.53
174.994 -379.63
175.002 -379.729
175.011 -379.829
175.019 -379.929
175.028 -380.028
175.038 -380.128
175.049 -380.227
175.061 -380.326
175.074 -380.426
175.088 -380.525
175.102 -380.624
175.118 -380.722
175.134 -380.821
175.151 -380.92
175.169 -381.018
175.188 -381.116
175.208 -381.214
175.229 -381.312
175.251 -381.41
175.273 -381.507
175.297 -381.604
175.321 -381.701
175.346 -381.798
175.372 -381.895
175.399 -381.991
175.427 -382.087
175.456 -382.183
175.485 -382.278
175.516 -382.373
175.547 -382.468
175.579 -382.563
175.612 -382.658
175.646 -382.752
175.681 -382.845
175.716 -382.939
175.753 -383.032
175.79 -383.125
175.828 -383.217
175.867 -383.309
175.906 -383.401
175.947 -383.493
