171.144 -357.209
171.556 -358.121
171.967 -359.033
172.378 -359.944
172.824 -360.934
172.864 -361.025
172.903 -361.117
172.941 -361.21
172.979 -361.303
173.015 -361.396
173.051 -361.489
173.086 -361.583
173.12 -361.677
173.154 -361.771
173.186 -361.866
173.217 -361.96
173.248 -362.056
173.278 -362.151
173.307 -362.247
173.335 -362.343
173.362 -362.439
173.389 -362.535
173.414 -362.632
173.439 -362.729
173.462 -362.826
173.485 -362.924
173.507 -363.021
173.528 -363.119
173.549 -363.217
173.571 -363.314
173.592 -363.412
173.613 -363.51
173.634 -363.608
173.655 -363.705
173.676 -363.803
173.697 -363.901
173.719 -363.999
173.74 -364.096
173.761 -364.194
173.782 -364.292
173.803 -364.389
173.824 -364.487
173.845 -364.585
173.867 -364.683
173.888 -364.78
173.909 -364.878
173.93 -364.976
173.951 -365.074
173.972 -365.171
173.993 -365.269
174.014 -365.367
174.036 -365.465
174.057 -365.562
174.078 -365.66
174.099 -365.758
174.12 -365.856
174.141 -365.953
174.162 -366.051
174.184 -366.149
174.205 -366.247
174.226 -366.344
174.247 -366.442
174.268 -366.54
174.289 -366.637
174.31 -366.735
174.332 -366.833
174.353 -366.931
174.374 -367.028
174.395 -367.126
174.416 -367.224
174.437 -367.322
174.458 -367.419
174.48 -367.517
174.501 -367.615
174.522 -367.713
174.543 -367.81
174.564 -367.908
174.585 -368.006
174.606 -368.104
174.628 -368.201
174.649 -368.299
174.67 -368.397
174.691 -368.495
174.712 -368.592
174.733 -368.69
174.754 -368.788
174.776 -368.885
174.797 -368.983
174.818 -369.081
174.839 -369.179
174.86 -369.276
174.881 -369.374
174.902 -369.472
174.923 -369.57
174.945 -369.667
174.966 -369.765
174.987 -369.863
175.008 -369.961
175.029 -370.058
175.05 -370.156
175.071 -370.254
175.093 -370.352
175.114 -370.449
175.135 -370.547
175.156 -370.645
175.177 -370.743
175.198 -370.84
175.219 -370.938
175.241 -371.036
175.262 -371.133
175.283 -371.231
175.304 -371.329
175.325 -371.427
175.346 -371.524
175.367 -371.622
175.389 -371.72
175.41 -371.818
175.431 -371.915
175.452 -372.013
175.473 -372.111
175.494 -372.209
175.515 -372.306
175.537 -372.404
175.558 -372.502
175.579 -372.6
175.6 -372.697
175.621 -372.795
175.642 -372.893
175.663 -372.991
175.685 -373.088
175.706 -373.186
175.727 -373.284
175.748 -373.382
175.769 -373.479
175.79 -373.577
175.811 -373.675
175.832 -373.772
175.854 -373.87
175.875 -373.968
175.896 -374.066
175.917 -374.163
175.938 -374.261
175.959 -374.359
175.98 -374.457
176.002 -374.554
176.023 -374.652
176.044 -374.75
176.065 -374.848
176.086 -374.945
176.107 -375.043
176.128 -375.141
176.15 -375.239
176.171 -375.336
176.192 -375.434
176.213 -375.532
176.234 -375.63
176.255 -375.727
176.276 -375.825
176.298 -375.923
176.319 -376.02
176.34 -376.118
176.361 -376.216
176.382 -376.314
176.403 -376.411
176.424 -376.509
176.446 -376.607
176.467 -376.705
176.488 -376.802
176.509 -376.9
176.53 -376.998
176.551 -377.096
176.572 -377.193
176.594 -377.291
176.615 -377.389
176.636 -377.487
176.657 -377.584
176.678 -377.682
176.699 -377.78
176.72 -377.878
176.741 -377.975
176.763 -378.073
176.784 -378.171
176.805 -378.269
176.826 -378.366
176.847 -378.464
176.868 -378.562
176.889 -378.659
176.911 -378.757
176.932 -378.855
176.953 -378.953
176.974 -379.05
176.995 -379.148
177.016 -379.246
177.037 -379.344
177.059 -379.441
177.08 -379.539
177.101 -379.637
177.122 -379.735
177.143 -379.832
177.164 -379.93
177.185 -380.028
177.207 -380.126
177.228 -380.223
177.249 -380.321
177.27 -380.419
177.291 -380.517
177.312 -380.614
177.333 -380.712
177.355 -380.81
177.376 -380.908
177.397 -381.005
177.418 -381.103
177.439 -381.201
177.46 -381.298
177.481 -381.396
177.503 -381.494
177.524 -381.592
177.545 -381.689
177.566 -381.787
177.587 -381.885
177.608 -381.983
177.629 -382.08
177.65 -382.178
177.672 -382.276
177.693 -382.374
177.714 -382.471
177.735 -382.569
177.756 -382.667
177.777 -382.765
177.798 -382.862
177.82 -382.96
177.841 -383.058
177.862 -383.156
177.883 -383.253
177.904 -383.351
177.925 -383.449
177.946 -383.547
177.968 -383.644
177.989 -383.742
178.01 -383.84
178.031 -383.937
178.052 -384.035
178.073 -384.133
178.094 -384.231
178.116 -384.328
178.137 -384.426
178.158 -384.524
178.179 -384.622
178.2 -384.719
178.221 -384.817
178.242 -384.915
178.264 -385.013
178.285 -385.11
178.306 -385.208
178.327 -385.306
178.348 -385.404
178.369 -385.501
178.39 -385.599
178.412 -385.697
178.433 -385.795
178.454 -385.892
178.475 -385.99
178.496 -386.088
178.517 -386.185
178.538 -386.283
178.559 -386.381
178.581 -386.479
178.602 -386.576
178.623 -386.674
178.644 -386.772
178.665 -386.87
178.686 -386.967
178.707 -387.065
178.729 -387.163
178.75 -387.261
178.771 -387.358
178.792 -387.456
178.813 -387.554
178.834 -387.652
178.855 -387.749
178.877 -387.847
178.898 -387.945
178.919 -388.043
178.94 -388.14
178.961 -388.238
178.982 -388.336
179.003 -388.434
179.025 -388.531
179.046 -388.629
179.067 -388.727
179.088 -388.824
179.109 -388.922
179.13 -389.02
179.151 -389.118
179.173 -389.215
179.194 -389.313
179.215 -389.411
179.236 -389.509
179.257 -389.606
179.278 -389.704
179.299 -389.802
179.321 -389.9
179.342 -389.997
179.363 -390.095
179.384 -390.193
179.405 -390.291
179.426 -390.388
179.448 -390.486
179.47 -390.583
179.494 -390.681
179.518 -390.778
179.543 -390.874
179.569 -390.971
179.596 -391.067
179.624 -391.163
179.653 -391.259
179.682 -391.355
179.713 -391.45
179.744 -391.545
179.776 -391.64
179.809 -391.734
179.843 -391.828
179.878 -391.922
179.913 -392.015
179.949 -392.109
179.987 -392.201
180.025 -392.294
180.064 -392.386
180.103 -392.478
180.144 -392.569
