-90.5693 -113.074
-91.2487 -112.34
-91.9281 -111.606
-92.6076 -110.872
-93.287 -110.139
-93.3553 -110.066
-93.4242 -109.993
-93.4938 -109.921
-93.5641 -109.85
-93.6349 -109.78
-93.7064 -109.71
-93.7786 -109.64
-93.8514 -109.572
-93.9247 -109.504
-93.9987 -109.437
-94.0733 -109.37
-94.1485 -109.304
-94.2243 -109.239
-94.3004 -109.174
-94.3766 -109.109
-94.4527 -109.044
-94.5288 -108.979
-94.6049 -108.915
-94.681 -108.85
-94.7571 -108.785
-94.8332 -108.72
-94.9093 -108.655
-94.9854 -108.59
-95.0615 -108.525
-95.1377 -108.461
-95.2138 -108.396
-95.2899 -108.331
-95.366 -108.266
-95.4421 -108.201
-95.5182 -108.136
-95.5943 -108.071
-95.6704 -108.007
-95.7465 -107.942
-95.8226 -107.877
-95.8988 -107.812
-95.9749 -107.747
-96.051 -107.682
-96.1271 -107.617
-96.2032 -107.552
-96.2793 -107.488
-96.3554 -107.423
-96.4315 -107.358
-96.5076 -107.293
-96.5837 -107.228
-96.6599 -107.163
-96.736 -107.098
-96.8121 -107.034
-96.8882 -106.969
-96.9643 -106.904
-97.0404 -106.839
-97.1165 -106.774
-97.1926 -106.709
-97.2687 -106.644
-97.3448 -106.58
-97.421 -106.515
-97.4971 -106.45
-97.5732 -106.385
-97.6493 -106.32
-97.7254 -106.255
-97.8015 -106.19
-97.8776 -106.125
-97.9537 -106.061
-98.0298 -105.996
-98.106 -105.931
-98.1821 -105.866
-98.2582 -105.801
-98.3343 -105.736
-98.4108 -105.672
-98.4878 -105.608
-98.5654 -105.545
-98.6436 -105.483
-98.7224 -105.421
-98.8017 -105.36
-98.8815 -105.3
-98.9619 -105.241
-99.0428 -105.182
-99.1243 -105.124
-99.2063 -105.066
-99.2888 -105.01
-99.3718 -104.954
-99.4553 -104.899
-99.5393 -104.845
-99.6238 -104.791
-99.7087 -104.739
-99.7942 -104.687
-99.8801 -104.636
-99.9664 -104.585
-100.053 -104.536
-100.141 -104.487
-100.228 -104.439
