171.144 -357.209
171.556 -358.121
171.967 -359.033
172.378 -359.944
172.815 -360.914
172.855 -361.006
172.895 -361.098
172.933 -361.19
172.971 -361.283
173.008 -361.376
173.044 -361.469
173.079 -361.563
173.113 -361.657
173.147 -361.751
173.179 -361.846
173.211 -361.94
173.242 -362.035
173.272 -362.131
173.301 -362.227
173.329 -362.322
173.357 -362.419
173.383 -362.515
173.409 -362.612
173.433 -362.709
173.457 -362.806
173.48 -362.903
173.503 -363.001
173.524 -363.098
173.546 -363.196
173.568 -363.293
173.59 -363.391
173.612 -363.488
173.634 -363.586
173.656 -363.684
173.677 -363.781
173.699 -363.879
173.721 -363.976
173.743 -364.074
173.765 -364.171
173.787 -364.269
173.809 -364.367
173.83 -364.464
173.852 -364.562
173.874 -364.659
173.896 -364.757
173.918 -364.855
173.94 -364.952
173.962 -365.05
173.983 -365.147
174.005 -365.245
174.027 -365.342
174.049 -365.44
174.071 -365.538
174.093 -365.635
174.115 -365.733
174.136 -365.83
174.158 -365.928
174.18 -366.026
174.202 -366.123
174.224 -366.221
174.246 -366.318
174.268 -366.416
174.289 -366.513
174.311 -366.611
174.333 -366.709
174.355 -366.806
174.377 -366.904
174.399 -367.001
174.421 -367.099
174.442 -367.196
174.464 -367.294
174.486 -367.392
174.508 -367.489
174.53 -367.587
174.552 -367.684
174.574 -367.782
174.596 -367.88
174.617 -367.977
174.639 -368.075
174.661 -368.172
174.683 -368.27
174.705 -368.367
174.727 -368.465
174.749 -368.563
174.77 -368.66
174.792 -368.758
174.814 -368.855
174.836 -368.953
174.858 -369.051
174.88 -369.148
174.902 -369.246
174.923 -369.343
174.945 -369.441
174.967 -369.538
174.989 -369.636
175.011 -369.734
175.033 -369.831
175.055 -369.929
175.076 -370.026
175.098 -370.124
175.12 -370.221
175.142 -370.319
175.164 -370.417
175.186 -370.514
175.208 -370.612
175.229 -370.709
175.251 -370.807
175.273 -370.905
175.295 -371.002
175.317 -371.1
175.339 -371.197
175.361 -371.295
175.382 -371.392
175.404 -371.49
175.426 -371.588
175.448 -371.685
175.47 -371.783
175.492 -371.88
175.514 -371.978
175.535 -372.076
175.557 -372.173
175.579 -372.271
175.601 -372.368
175.623 -372.466
175.645 -372.563
175.667 -372.661
175.688 -372.759
175.71 -372.856
175.732 -372.954
175.754 -373.051
175.776 -373.149
175.798 -373.246
175.82 -373.344
175.841 -373.442
175.863 -373.539
175.885 -373.637
175.907 -373.734
175.929 -373.832
175.951 -373.93
175.973 -374.027
175.995 -374.125
176.016 -374.222
176.038 -374.32
176.06 -374.417
176.082 -374.515
176.104 -374.613
176.126 -374.71
176.148 -374.808
176.169 -374.905
176.191 -375.003
176.213 -375.101
176.235 -375.198
176.257 -375.296
176.279 -375.393
176.301 -375.491
176.322 -375.588
176.344 -375.686
176.366 -375.784
176.388 -375.881
176.41 -375.979
176.432 -376.076
176.454 -376.174
176.475 -376.272
176.497 -376.369
176.519 -376.467
176.541 -376.564
176.563 -376.662
176.585 -376.759
176.607 -376.857
176.628 -376.955
176.65 -377.052
176.672 -377.15
176.694 -377.247
176.716 -377.345
176.738 -377.443
176.76 -377.54
176.781 -377.638
176.803 -377.735
176.825 -377.833
176.847 -377.93
176.869 -378.028
176.891 -378.126
176.913 -378.223
176.934 -378.321
176.956 -378.418
176.978 -378.516
177 -378.613
177.022 -378.711
177.044 -378.809
177.066 -378.906
177.087 -379.004
177.109 -379.101
177.131 -379.199
177.153 -379.297
177.175 -379.394
177.197 -379.492
177.219 -379.589
177.241 -379.687
177.262 -379.784
177.284 -379.882
177.306 -379.98
177.328 -380.077
177.35 -380.175
177.372 -380.272
177.394 -380.37
177.415 -380.468
177.437 -380.565
177.459 -380.663
177.481 -380.76
177.503 -380.858
177.525 -380.955
177.547 -381.053
177.568 -381.151
177.59 -381.248
177.612 -381.346
177.634 -381.443
177.656 -381.541
177.678 -381.639
177.7 -381.736
177.721 -381.834
177.743 -381.931
177.765 -382.029
177.787 -382.126
177.809 -382.224
177.831 -382.322
177.853 -382.419
177.874 -382.517
177.896 -382.614
177.918 -382.712
177.94 -382.81
177.962 -382.907
177.984 -383.005
178.006 -383.102
178.027 -383.2
178.049 -383.297
178.071 -383.395
178.093 -383.493
178.115 -383.59
178.137 -383.688
178.159 -383.785
178.18 -383.883
178.202 -383.98
178.224 -384.078
178.246 -384.176
178.268 -384.273
178.29 -384.371
178.312 -384.468
178.333 -384.566
178.355 -384.664
178.377 -384.761
178.399 -384.859
178.421 -384.956
178.443 -385.054
178.465 -385.151
178.487 -385.249
178.508 -385.347
178.53 -385.444
178.552 -385.542
178.574 -385.639
178.596 -385.737
178.618 -385.835
178.64 -385.932
178.661 -386.03
178.683 -386.127
178.705 -386.225
178.727 -386.322
178.749 -386.42
178.771 -386.518
178.793 -386.615
178.814 -386.713
178.836 -386.81
178.858 -386.908
178.88 -387.006
178.902 -387.103
178.924 -387.201
178.946 -387.298
178.967 -387.396
178.989 -387.493
179.011 -387.591
179.033 -387.689
179.055 -387.786
179.077 -387.884
179.099 -387.981
179.12 -388.079
179.142 -388.177
179.164 -388.274
179.186 -388.372
179.208 -388.469
179.23 -388.567
179.252 -388.664
179.273 -388.762
179.295 -388.86
179.317 -388.957
179.339 -389.055
179.361 -389.152
179.383 -389.25
179.405 -389.348
179.426 -389.445
179.448 -389.543
179.47 -389.64
179.492 -389.738
179.514 -389.835
179.536 -389.933
179.558 -390.031
179.579 -390.128
179.601 -390.226
179.623 -390.323
179.645 -390.421
179.667 -390.518
179.689 -390.616
179.711 -390.714
179.733 -390.811
179.754 -390.909
179.776 -391.006
179.798 -391.104
179.82 -391.202
179.842 -391.299
179.864 -391.397
179.886 -391.494
179.909 -391.592
179.932 -391.689
179.957 -391.786
179.983 -391.882
180.009 -391.979
180.036 -392.075
180.064 -392.171
180.093 -392.267
180.123 -392.362
180.154 -392.457
180.186 -392.552
180.218 -392.647
180.251 -392.741
180.286 -392.835
180.321 -392.929
180.356 -393.022
180.393 -393.115
180.431 -393.208
180.469 -393.3
180.508 -393.392
180.548 -393.484
