171.144 -357.209
171.556 -358.121
171.967 -359.033
172.378 -359.944
172.804 -360.889
172.844 -360.98
172.884 -361.072
172.923 -361.165
172.96 -361.257
172.998 -361.35
173.034 -361.443
173.069 -361.537
173.104 -361.631
173.137 -361.725
173.17 -361.819
173.202 -361.914
173.233 -362.009
173.263 -362.104
173.293 -362.2
173.321 -362.296
173.349 -362.392
173.376 -362.488
173.402 -362.585
173.427 -362.682
173.451 -362.779
173.474 -362.876
173.496 -362.973
173.518 -363.071
173.539 -363.169
173.558 -363.267
173.578 -363.365
173.597 -363.463
173.617 -363.561
173.636 -363.659
173.656 -363.757
173.675 -363.855
173.694 -363.953
173.714 -364.052
173.733 -364.15
173.753 -364.248
173.772 -364.346
173.792 -364.444
173.811 -364.542
173.831 -364.64
173.85 -364.738
173.87 -364.836
173.889 -364.934
173.908 -365.032
173.928 -365.131
173.947 -365.229
173.967 -365.327
173.986 -365.425
174.006 -365.523
174.025 -365.621
174.045 -365.719
174.064 -365.817
174.083 -365.915
174.103 -366.013
174.122 -366.111
174.142 -366.21
174.161 -366.308
174.181 -366.406
174.2 -366.504
174.22 -366.602
174.239 -366.7
174.259 -366.798
174.278 -366.896
174.297 -366.994
174.317 -367.092
174.336 -367.19
174.356 -367.289
174.375 -367.387
174.395 -367.485
174.414 -367.583
174.434 -367.681
174.453 -367.779
174.473 -367.877
174.492 -367.975
174.511 -368.073
174.531 -368.171
174.55 -368.269
174.57 -368.367
174.589 -368.466
174.609 -368.564
174.628 -368.662
174.648 -368.76
174.667 -368.858
174.686 -368.956
174.706 -369.054
174.725 -369.152
174.745 -369.25
174.764 -369.348
174.784 -369.446
174.803 -369.545
174.823 -369.643
174.842 -369.741
174.862 -369.839
174.881 -369.937
174.9 -370.035
174.92 -370.133
174.939 -370.231
174.959 -370.329
174.978 -370.427
174.998 -370.525
175.017 -370.624
175.037 -370.722
175.056 -370.82
175.076 -370.918
175.095 -371.016
175.114 -371.114
175.134 -371.212
175.153 -371.31
175.173 -371.408
175.192 -371.506
175.212 -371.604
175.231 -371.703
175.251 -371.801
175.27 -371.899
175.29 -371.997
175.309 -372.095
175.328 -372.193
175.348 -372.291
175.367 -372.389
175.387 -372.487
175.406 -372.585
175.426 -372.683
175.445 -372.782
175.465 -372.88
175.484 -372.978
175.503 -373.076
175.523 -373.174
175.542 -373.272
175.562 -373.37
175.581 -373.468
175.601 -373.566
175.62 -373.664
175.64 -373.762
175.659 -373.861
175.679 -373.959
175.698 -374.057
175.717 -374.155
175.737 -374.253
175.756 -374.351
175.776 -374.449
175.795 -374.547
175.815 -374.645
175.834 -374.743
175.854 -374.841
175.873 -374.94
175.893 -375.038
175.912 -375.136
175.931 -375.234
175.951 -375.332
175.97 -375.43
175.99 -375.528
176.009 -375.626
176.029 -375.724
176.048 -375.822
176.068 -375.92
176.087 -376.018
176.107 -376.117
176.126 -376.215
176.145 -376.313
176.165 -376.411
176.184 -376.509
176.204 -376.607
176.223 -376.705
176.243 -376.803
176.262 -376.901
176.282 -376.999
176.301 -377.098
176.32 -377.196
176.34 -377.294
176.359 -377.392
176.379 -377.49
176.398 -377.588
176.418 -377.686
176.437 -377.784
176.457 -377.882
176.476 -377.98
176.496 -378.078
176.515 -378.176
176.534 -378.275
176.554 -378.373
176.573 -378.471
176.593 -378.569
176.612 -378.667
176.632 -378.765
176.651 -378.863
176.671 -378.961
176.69 -379.059
176.71 -379.157
176.729 -379.255
176.748 -379.354
176.768 -379.452
176.787 -379.55
176.807 -379.648
176.826 -379.746
176.846 -379.844
176.865 -379.942
176.885 -380.04
176.904 -380.138
176.923 -380.236
176.943 -380.334
176.962 -380.433
176.982 -380.531
177.001 -380.629
177.021 -380.727
177.04 -380.825
177.06 -380.923
177.079 -381.021
177.099 -381.119
177.118 -381.217
177.137 -381.315
177.157 -381.413
177.176 -381.512
177.196 -381.61
177.215 -381.708
177.235 -381.806
177.254 -381.904
177.274 -382.002
177.293 -382.1
177.313 -382.198
177.332 -382.296
177.351 -382.394
177.371 -382.492
177.39 -382.591
177.41 -382.689
177.429 -382.787
177.449 -382.885
177.468 -382.983
177.488 -383.081
177.507 -383.179
177.527 -383.277
177.546 -383.375
177.565 -383.473
177.585 -383.571
177.604 -383.67
177.624 -383.768
177.643 -383.866
177.663 -383.964
177.682 -384.062
177.702 -384.16
177.721 -384.258
177.74 -384.356
177.76 -384.454
177.779 -384.552
177.799 -384.65
177.818 -384.749
177.838 -384.847
177.857 -384.945
177.877 -385.043
177.896 -385.141
177.916 -385.239
177.935 -385.337
177.954 -385.435
177.974 -385.533
177.993 -385.631
178.013 -385.729
178.032 -385.828
178.052 -385.926
178.071 -386.024
178.091 -386.122
178.11 -386.22
178.13 -386.318
178.149 -386.416
178.168 -386.514
178.188 -386.612
178.207 -386.71
178.227 -386.808
178.246 -386.906
178.266 -387.005
178.285 -387.103
178.305 -387.201
178.324 -387.299
178.343 -387.397
178.363 -387.495
178.382 -387.593
178.402 -387.691
178.421 -387.789
178.441 -387.887
178.46 -387.985
178.48 -388.084
178.499 -388.182
178.519 -388.28
178.539 -388.378
178.559 -388.476
178.581 -388.573
178.604 -388.671
178.627 -388.768
178.652 -388.865
178.677 -388.962
178.703 -389.058
178.73 -389.154
178.758 -389.25
178.787 -389.346
178.816 -389.442
178.847 -389.537
178.878 -389.632
178.91 -389.727
178.943 -389.821
178.977 -389.915
179.012 -390.009
179.047 -390.102
179.084 -390.195
179.121 -390.288
179.159 -390.381
179.198 -390.473
179.238 -390.564
179.279 -390.656
179.32 -390.747
