171.144 -357.209
171.556 -358.121
171.967 -359.033
172.378 -359.944
172.816 -360.917
172.856 -361.008
172.896 -361.1
172.934 -361.192
172.972 -361.285
173.009 -361.378
173.045 -361.471
173.08 -361.565
173.114 -361.659
173.147 -361.753
173.18 -361.848
173.212 -361.943
173.242 -362.038
173.272 -362.133
173.302 -362.229
173.33 -362.325
173.357 -362.421
173.384 -362.517
173.409 -362.614
173.434 -362.711
173.458 -362.808
173.481 -362.905
173.503 -363.003
173.524 -363.1
173.545 -363.198
173.564 -363.296
173.583 -363.395
173.601 -363.493
173.62 -363.591
173.638 -363.69
173.657 -363.788
173.675 -363.886
173.694 -363.984
173.712 -364.083
173.73 -364.181
173.749 -364.279
173.767 -364.378
173.786 -364.476
173.804 -364.574
173.823 -364.672
173.841 -364.771
173.86 -364.869
173.878 -364.967
173.897 -365.065
173.915 -365.164
173.934 -365.262
173.952 -365.36
173.971 -365.459
173.989 -365.557
174.007 -365.655
174.026 -365.753
174.044 -365.852
174.063 -365.95
174.081 -366.048
174.1 -366.147
174.118 -366.245
174.137 -366.343
174.155 -366.441
174.174 -366.54
174.192 -366.638
174.211 -366.736
174.229 -366.834
174.248 -366.933
174.266 -367.031
174.285 -367.129
174.303 -367.228
174.321 -367.326
174.34 -367.424
174.358 -367.522
174.377 -367.621
174.395 -367.719
174.414 -367.817
174.432 -367.916
174.451 -368.014
174.469 -368.112
174.488 -368.21
174.506 -368.309
174.525 -368.407
174.543 -368.505
174.562 -368.603
174.58 -368.702
174.599 -368.8
174.617 -368.898
174.635 -368.997
174.654 -369.095
174.672 -369.193
174.691 -369.291
174.709 -369.39
174.728 -369.488
174.746 -369.586
174.765 -369.685
174.783 -369.783
174.802 -369.881
174.82 -369.979
174.839 -370.078
174.857 -370.176
174.876 -370.274
174.894 -370.373
174.913 -370.471
174.931 -370.569
174.949 -370.667
174.968 -370.766
174.986 -370.864
175.005 -370.962
175.023 -371.06
175.042 -371.159
175.06 -371.257
175.079 -371.355
175.097 -371.454
175.116 -371.552
175.134 -371.65
175.153 -371.748
175.171 -371.847
175.19 -371.945
175.208 -372.043
175.227 -372.142
175.245 -372.24
175.263 -372.338
175.282 -372.436
175.3 -372.535
175.319 -372.633
175.337 -372.731
175.356 -372.829
175.374 -372.928
175.393 -373.026
175.411 -373.124
175.43 -373.223
175.448 -373.321
175.467 -373.419
175.485 -373.517
175.504 -373.616
175.522 -373.714
175.541 -373.812
175.559 -373.911
175.577 -374.009
175.596 -374.107
175.614 -374.205
175.633 -374.304
175.651 -374.402
175.67 -374.5
175.688 -374.599
175.707 -374.697
175.725 -374.795
175.744 -374.893
175.762 -374.992
175.781 -375.09
175.799 -375.188
175.818 -375.286
175.836 -375.385
175.855 -375.483
175.873 -375.581
175.891 -375.68
175.91 -375.778
175.928 -375.876
175.947 -375.974
175.965 -376.073
175.984 -376.171
176.002 -376.269
176.021 -376.368
176.039 -376.466
176.058 -376.564
176.076 -376.662
176.095 -376.761
176.113 -376.859
176.132 -376.957
176.15 -377.056
176.169 -377.154
176.187 -377.252
176.205 -377.35
176.224 -377.449
176.242 -377.547
176.261 -377.645
176.279 -377.743
176.298 -377.842
176.316 -377.94
176.335 -378.038
176.353 -378.137
176.372 -378.235
176.39 -378.333
176.409 -378.431
176.427 -378.53
176.446 -378.628
176.464 -378.726
176.482 -378.825
176.501 -378.923
176.519 -379.021
176.538 -379.119
176.556 -379.218
176.575 -379.316
176.593 -379.414
176.612 -379.513
176.63 -379.611
176.649 -379.709
176.667 -379.807
176.686 -379.906
176.704 -380.004
176.723 -380.102
176.741 -380.201
176.76 -380.299
176.778 -380.397
176.796 -380.495
176.815 -380.594
176.833 -380.692
176.852 -380.79
176.87 -380.888
176.889 -380.987
176.907 -381.085
176.926 -381.183
176.944 -381.282
176.963 -381.38
176.981 -381.478
177 -381.576
177.018 -381.675
177.037 -381.773
177.055 -381.871
177.074 -381.97
177.092 -382.068
177.11 -382.166
177.129 -382.264
177.147 -382.363
177.166 -382.461
177.184 -382.559
177.203 -382.657
177.221 -382.756
177.24 -382.854
177.258 -382.952
177.277 -383.051
177.295 -383.149
177.314 -383.247
177.332 -383.345
177.351 -383.444
177.369 -383.542
177.388 -383.64
177.406 -383.739
177.424 -383.837
177.443 -383.935
177.461 -384.033
177.48 -384.132
177.498 -384.23
177.517 -384.328
177.535 -384.427
177.554 -384.525
177.572 -384.623
177.591 -384.721
177.609 -384.82
177.628 -384.918
177.646 -385.016
177.665 -385.114
177.683 -385.213
177.702 -385.311
177.72 -385.409
177.738 -385.508
177.757 -385.606
177.775 -385.704
177.794 -385.802
177.812 -385.901
177.831 -385.999
177.849 -386.097
177.868 -386.196
177.886 -386.294
177.905 -386.392
177.923 -386.49
177.942 -386.589
177.96 -386.687
177.979 -386.785
177.997 -386.884
178.016 -386.982
178.034 -387.08
178.052 -387.178
178.071 -387.277
178.091 -387.375
178.111 -387.473
178.132 -387.57
178.154 -387.668
178.177 -387.765
178.201 -387.862
178.226 -387.959
178.251 -388.056
178.278 -388.152
178.305 -388.248
178.333 -388.344
178.363 -388.44
178.393 -388.535
178.423 -388.631
178.455 -388.725
178.488 -388.82
178.521 -388.914
178.555 -389.008
178.59 -389.102
178.626 -389.195
178.663 -389.288
178.701 -389.381
178.739 -389.473
178.779 -389.565
178.819 -389.657
178.86 -389.748
178.901 -389.839
