130.838 -735.735 0 0 55.5451 0.0262976 0 0 0 3.15027 0 4
131.403 -734.911 0 0 56.3075 0.0262976 0.305334 1 0 3.15027 0 4
131.954 -734.061 0 0 57.5126 0.0154036 0.56946 2.01202 0 3.47649 0 4
132.497 -733.194 0 0 58.1256 0.00561798 0.799494 3.03562 0 4.00097 0 4
133.04 -732.314 0 0 58.2051 -0.00285747 1.00331 4.06923 0 4.77791 0 4
133.59 -731.43 0 0 57.8223 -0.00995858 1.18716 5.11024 0 5.90029 0 4
134.151 -730.549 0 0 57.0543 -0.0157238 1.35567 6.15535 0 5.04372 0 4
134.727 -729.676 0 0 55.9789 -0.0202367 1.5121 7.20103 0 4.44591 0 4
135.32 -728.818 0 0 54.6717 -0.0235786 1.65882 8.24399 0 4.1188 0 4
135.93 -727.978 0 0 53.2048 -0.0258134 1.79753 9.28169 0 3.93648 0 4
136.558 -727.161 0 0 51.6455 -0.027005 1.9295 10.3126 0 3.84865 0 4
137.205 -726.367 0 0 50.0542 -0.0272523 2.05572 11.3362 0 3.83114 0 4
137.868 -725.597 0 0 48.4818 -0.026711 2.17699 12.3527 0 3.86977 0 4
138.548 -724.85 0 0 46.967 -0.0255792 2.29395 13.3632 0 3.95445 0 4
139.244 -724.124 0 0 45.5364 -0.0240503 2.40712 14.3687 0 4.07821 0 4
139.954 -723.417 0 0 44.2067 -0.0222605 2.5169 15.3703 0 4.23899 0 4
140.678 -722.729 0 0 42.989 -0.0202688 2.62357 16.3691 0 4.44239 0 4
141.414 -722.057 0 0 41.8928 -0.0180812 2.72729 17.3662 0 4.70345 0 4
142.162 -721.398 0 0 40.9278 -0.0157038 2.82804 18.3626 0 5.04693 0 4
142.92 -720.751 0 0 40.1022 -0.0131864 2.92553 19.3597 0 5.50766 0 4
143.688 -720.112 0 0 39.421 -0.0106213 3.01911 20.3584 0 6.13678 0 4
144.465 -719.481 0 0 38.8845 -0.00809182 3.1075 21.3595 0 7.03083 0 4
145.248 -718.854 0 0 38.4914 -0.00559791 3.18851 22.3627 0 8 0 4
146.036 -718.231 0 0 38.244 -0.00300534 3.25874 23.3673 0 8 0 4
146.826 -717.611 0 0 38.1561 -5.09997e-05 3.31279 24.3715 0 7.41756 0 4
147.614 -716.992 0 0 38.2571 0.00358525 3.34243 25.3735 0 6.16073 0 4
148.397 -716.372 0 0 38.5922 0.00815131 3.3577 26.3719 0 5.57196 0 4
149.171 -715.749 0 0 39.2131 0.0136653 3.36469 27.366 0 5.41029 0 4
149.934 -715.117 0 0 40.1632 0.01979 3.36708 28.3565 0 4.49581 0 4
150.684 -714.472 0 0 41.4584 0.0258262 3.36711 29.3459 0 3.9355 0 4
151.419 -713.806 0 0 43.0732 0.0308849 3.36609 30.3374 0 3.59879 0 4
152.137 -713.114 0 0 44.9374 0.0341909 3.36474 31.335 0 3.42038 0 4
152.838 -712.39 0 0 46.948 0.0353593 3.3634 32.3426 0 3.3634 0 4
153.521 -711.632 0 0 48.9894 0.0344811 3.36432 33.3626 0 3.40596 0 4
154.185 -710.841 0 0 50.9555 0.031997 3.36619 34.3959 0 3.5357 0 4
154.83 -710.018 0 0 52.7631 0.0284754 3.36905 35.4414 0 3.74796 0 4
155.456 -709.169 0 0 54.3576 0.0244322 3.37291 36.4961 0 4.04621 0 4
156.062 -708.3 0 0 55.7108 0.0202505 3.37777 37.5557 0 4.44439 0 4
156.65 -707.418 0 0 56.8151 0.0161845 3.3836 38.6156 0 4.97142 0 4
157.22 -706.529 0 0 57.6791 0.0124 3.39038 39.6716 0 5.67962 0 4
157.775 -705.639 0 0 58.3227 0.00901544 3.39805 40.7203 0 6.66096 0 4
158.317 -704.752 0 0 58.7741 0.00612376 3.40656 41.7596 0 8 0 4
158.848 -703.87 0 0 59.0672 0.00379319 3.41588 42.789 0 8 0 4
159.37 -702.995 0 0 59.2386 0.00205451 3.42598 43.8088 0 8 0 4
159.887 -702.125 0 0 59.3242 0.000888637 3.43684 44.8204 0 8 0 4
160.399 -701.26 0 0 59.3565 0.000225582 3.44844 45.8258 0 8 0 4
160.909 -700.399 0 0 59.3618 -4.21756e-05 3.4608 46.8268 0 8 0 4
161.418 -699.54 0 0 59.3595 -3.71234e-05 3.47391 47.8251 0 8 0 4
161.926 -698.682 0 0 59.362 0.000125785 3.48777 48.8222 0 8 0 4
162.434 -697.824 0 0 59.3757 0.000354535 3.50238 49.8191 0 8 0 4
162.942 -696.966 0 0 59.4026 0.000586094 3.51774 50.8163 0 8 0 4
163.45 -696.107 0 0 59.4418 0.000784848 3.53385 51.8141 0 8 0 4
163.957 -695.247 0 0 59.4911 0.000936727 3.55069 52.8127 0 8 0 4
164.464 -694.386 0 0 59.5477 0.00104205 3.56824 53.8118 0 8 0 4
164.97 -693.524 0 0 59.6093 0.00110901 3.5865 54.8114 0 8 0 4
165.475 -692.661 0 0 59.674 0.00114871 3.60544 55.8113 0 8 0 4
165.98 -691.797 0 0 59.7404 0.0011719 3.62504 56.8114 0 8 0 4
166.483 -690.933 0 0 59.808 0.00118724 3.6453 57.8116 0 8 0 4
166.986 -690.068 0 0 59.8765 0.00120076 3.66619 58.8117 0 8 0 4
167.487 -689.203 0 0 59.9457 0.00121601 3.6877 59.8118 0 8 0 4
167.987 -688.337 0 0 60.0159 0.00123469 3.70982 60.8119 0 8 0 4
168.487 -687.471 0 0 60.0873 0.00125726 3.73252 61.8119 0 8 0 4
168.985 -686.603 0 0 60.1601 0.00128349 3.7558 62.8119 0 8 0 4
169.482 -685.736 0 0 60.2345 0.00131281 3.77963 63.8119 0 8 0 4
169.978 -684.867 0 0 60.3106 0.00134456 3.80401 64.8119 0 8 0 4
170.472 -683.998 0 0 60.3886 0.00137814 3.82892 65.8119 0 8 0 4
170.966 -683.129 0 0 60.4686 0.00141315 3.85434 66.8119 0 8 0 4
171.458 -682.258 0 0 60.5506 0.00144961 3.88026 67.8119 0 8 0 4
171.949 -681.387 0 0 60.6347 0.00148805 3.90667 68.8119 0 8 0 4
172.439 -680.515 0 0 60.7212 0.00152958 3.93355 69.8119 0 8 0 4
172.927 -679.642 0 0 60.8101 0.00157567 3.96088 70.8119 0 8 0 4
173.414 -678.769 0 0 60.9019 0.00162765 3.98866 71.8119 0 8 0 4
173.9 -677.895 0 0 60.9968 0.0016862 4.01687 72.8119 0 8 0 4
174.384 -677.02 0 0 61.0953 0.00175069 4.0455 73.8119 0 8 0 4
174.867 -676.144 0 0 61.1976 0.00181896 4.07453 74.8119 0 8 0 4
175.348 -675.267 0 0 61.3037 0.0018875 4.10395 75.8119 0 8 0 4
175.827 -674.39 0 0 61.4137 0.00195216 4.13375 76.8119 0 8 0 4
176.305 -673.511 0 0 61.5272 0.00200937 4.16391 77.8119 0 8 0 4
176.781 -672.632 0 0 61.6437 0.00205758 4.19443 78.8119 0 8 0 4
177.255 -671.751 0 0 61.7628 0.00209848 4.22529 79.8119 0 8 0 4
177.727 -670.87 0 0 61.8842 0.00213774 4.25648 80.8119 0 8 0 4
178.197 -669.987 0 0 62.008 0.00218494 4.28799 81.8119 0 8 0 4
178.666 -669.104 0 0 62.1351 0.00225258 4.3198 82.812 0 8 0 4
179.132 -668.219 0 0 62.2671 0.00235434 4.35192 83.812 0 8 0 4
179.596 -667.333 0 0 62.4063 0.00250288 4.38432 84.8121 0 8 0 4
180.058 -666.446 0 0 62.5556 0.00270757 4.417 85.8121 0 8 0 4
180.518 -665.558 0 0 62.7183 0.00297261 4.44995 86.8122 0 8 0 4
180.975 -664.669 0 0 62.8979 0.00329585 4.48315 87.8123 0 8 0 4
181.429 -663.778 0 0 63.0974 0.00366853 4.51661 88.8123 0 8 0 4
181.88 -662.885 0 0 63.3193 0.00407595 4.5503 89.8124 0 8 0 4
182.327 -661.991 0 0 63.5649 0.00449896 4.58422 90.8124 0 8 0 4
182.771 -661.094 0 0 63.8346 0.00491604 4.61836 91.8124 0 8 0 4
183.209 -660.196 0 0 64.1275 0.00530559 4.65271 92.8123 0 8 0 4
183.643 -659.295 0 0 64.4412 0.00564814 4.68726 93.8122 0 8 0 4
184.072 -658.392 0 0 64.7728 0.00592828 4.72201 94.8121 0 8 0 4
184.496 -657.486 0 0 65.1184 0.00613589 4.75696 95.8119 0 8 0 4
184.913 -656.577 0 0 65.4737 0.00626679 4.79208 96.8118 0 7.98928 0 4
185.326 -655.666 0 0 65.8343 0.00632257 4.82738 97.8116 0 7.95396 0 4
185.732 -654.753 0 0 66.1961 0.00630986 4.86284 98.8116 0 7.96196 0 4
186.133 -653.837 0 0 66.5556 0.00623917 4.89847 99.8115 0 8 0 4
186.528 -652.918 0 0 66.9098 0.00612336 4.93426 100.811 0 8 0 4
186.917 -651.997 0 0 67.2564 0.00597618 4.9702 101.811 0 8 0 4
187.301 -651.074 0 0 67.5941 0.00581086 5.00628 102.811 0 8 0 4
187.679 -650.148 0 0 67.9221 0.005639 5.04249 103.811 0 8 0 4
188.053 -649.22 0 0 68.2403 0.00546987 5.07884 104.812 0 8 0 4
188.421 -648.29 0 0 68.5492 0.0053101 5.11531 105.812 0 8 0 4
188.784 -647.359 0 0 68.8492 0.00516378 5.1519 106.812 0 8 0 4
189.143 -646.425 0 0 69.1414 0.00503289 5.18861 107.812 0 8 0 4
189.496 -645.49 0 0 69.4264 0.00491781 5.22543 108.812 0 8 0 4
189.845 -644.553 0 0 69.7054 0.00481788 5.26235 109.812 0 8 0 4
190.19 -643.614 0 0 69.9789 0.00473186 5.29937 110.812 0 8 0 4
190.53 -642.673 0 0 70.2479 0.00465809 5.33649 111.812 0 8 0 4
190.866 -641.732 0 0 70.513 0.00459468 5.37369 112.812 0 8 0 4
191.197 -640.788 0 0 70.7747 0.00453951 5.41099 113.812 0 8 0 4
191.524 -639.843 0 0 71.0334 0.00449047 5.44836 114.812 0 8 0 4
191.847 -638.897 0 0 71.2894 0.00444581 5.48582 115.812 0 8 0 4
192.166 -637.949 0 0 71.5429 0.00440467 5.52335 116.812 0 8 0 4
192.481 -637 0 0 71.7942 0.00436755 5.56089 117.812 0 8 0 4
192.791 -636.049 0 0 72.0436 0.00433657 5.59841 118.812 0 8 0 4
193.097 -635.097 0 0 72.2914 0.00431511 5.63589 119.812 0 8 0 4
193.399 -634.144 0 0 72.5385 0.00430693 5.67324 120.812 0 8 0 4
193.697 -633.189 0 0 72.7854 0.00431484 5.71036 121.812 0 8 0 4
193.991 -632.233 0 0 73.0334 0.00433916 5.74707 122.812 0 8 0 4
194.281 -631.276 0 0 73.2831 0.00437677 5.78307 123.812 0 8 0 4
194.566 -630.318 0 0 73.5351 0.00442101 5.81786 124.812 0 8 0 4
194.848 -629.358 0 0 73.7896 0.00446287 5.85066 125.812 0 8 0 4
195.125 -628.397 0 0 74.0462 0.00449349 5.88013 126.812 0 8 0 4
195.397 -627.435 0 0 74.304 0.00450744 5.90412 127.812 0 8 0 4
195.666 -626.472 0 0 74.5622 0.00450609 5.91911 128.812 0 8 0 4
195.93 -625.507 0 0 74.8202 0.00450018 5.92664 129.812 0 8 0 4
196.19 -624.542 0 0 75.0784 0.00451052 5.92974 130.812 0 8 0 4
196.445 -623.575 0 0 75.3385 0.00456653 5.93023 131.812 0 8 0 4
196.696 -622.607 0 0 75.604 0.00470234 5.92923 132.812 0 8 0 4
196.942 -621.637 0 0 75.8806 0.00495105 5.92743 133.812 0 8 0 4
197.184 -620.667 0 0 76.1754 0.00533818 5.92523 134.812 0 8 0 4
197.42 -619.695 0 0 76.4968 0.0058755 5.92287 135.812 0 8 0 4
197.651 -618.722 0 0 76.853 0.0065565 5.92047 136.813 0 7.81077 0 4
197.875 -617.747 0 0 77.2516 0.00735453 5.91818 137.813 0 7.37484 0 4
198.092 -616.77 0 0 77.698 0.00822395 5.91618 138.813 0 6.97413 0 4
198.301 -615.793 0 0 78.1944 0.00910447 5.91446 139.813 0 6.62831 0 4
198.501 -614.813 0 0 78.7396 0.00992778 5.91304 140.813 0 6.34752 0 4
198.692 -613.831 0 0 79.3283 0.0106257 5.91189 141.813 0 6.13552 0 4
198.872 -612.848 0 0 79.9516 0.0111384 5.91103 142.813 0 5.99264 0 4
199.041 -611.863 0 0 80.5976 0.0114216 5.91046 143.812 0 5.91788 0 4
199.198 -610.876 0 0 81.2526 0.0114514 5.91018 144.812 0 5.91018 0 4
199.345 -609.887 0 0 81.902 0.0112264 5.91067 145.811 0 5.96911 0 4
199.48 -608.897 0 0 82.5317 0.0107666 5.91166 146.811 0 6.09523 0 4
199.604 -607.905 0 0 83.1296 0.0101097 5.91314 147.81 0 6.29016 0 4
199.719 -606.912 0 0 83.6857 0.0093053 5.91512 148.81 0 6.55639 0 4
199.824 -605.917 0 0 84.1931 0.00840898 5.91758 149.81 0 6.89697 0 4
199.921 -604.922 0 0 84.6481 0.00747563 5.92055 150.81 0 7.31486 0 4
200.011 -603.926 0 0 85.05 0.0065545 5.924 151.81 0 7.81196 0 4
200.094 -602.929 0 0 85.4007 0.00568549 5.92794 152.81 0 8 0 4
200.171 -601.932 0 0 85.7039 0.00489719 5.93237 153.81 0 8 0 4
200.244 -600.935 0 0 85.9648 0.00420655 5.93729 154.81 0 8 0 4
200.312 -599.937 0 0 86.189 0.00361982 5.9427 155.81 0 8 0 4
200.377 -598.939 0 0 86.3825 0.00313444 5.94858 156.811 0 8 0 4
200.438 -597.941 0 0 86.5509 0.00274139 5.95495 157.811 0 8 0 4
200.497 -596.942 0 0 86.699 0.00242768 5.9618 158.811 0 8 0 4
200.553 -595.944 0 0 86.831 0.00217864 5.96913 159.811 0 8 0 4
200.608 -594.945 0 0 86.9501 0.00197979 5.97693 160.811 0 8 0 4
200.66 -593.947 0 0 87.0589 0.00181814 5.98521 161.811 0 8 0 4
200.71 -592.948 0 0 87.1592 0.00168299 5.99395 162.811 0 8 0 4
200.759 -591.949 0 0 87.2523 0.00156616 6.00316 163.811 0 8 0 4
200.806 -590.95 0 0 87.339 0.00146188 6.01284 164.811 0 8 0 4
200.852 -589.951 0 0 87.42 0.00136631 6.02297 165.811 0 8 0 4
200.896 -588.952 0 0 87.4958 0.00127715 6.03357 166.811 0 8 0 4
200.939 -587.953 0 0 87.5665 0.00119302 6.04462 167.811 0 8 0 4
200.981 -586.954 0 0 87.6326 0.00111318 6.05612 168.811 0 8 0 4
201.022 -585.955 0 0 87.6942 0.00103718 6.06807 169.811 0 8 0 4
201.062 -584.956 0 0 87.7516 0.000964765 6.08046 170.811 0 8 0 4
201.1 -583.957 0 0 87.8049 0.000895754 6.09329 171.811 0 8 0 4
201.138 -582.957 0 0 87.8543 0.000830011 6.10656 172.811 0 8 0 4
201.175 -581.958 0 0 87.9001 0.000767407 6.12027 173.811 0 8 0 4
201.211 -580.959 0 0 87.9423 0.000707787 6.1344 174.811 0 8 0 4
201.247 -579.959 0 0 87.9812 0.000650947 6.14896 175.811 0 8 0 4
201.282 -578.96 0 0 88.017 0.000596632 6.16394 176.811 0 8 0 4
201.316 -577.96 0 0 88.0497 0.000544558 6.17934 177.811 0 8 0 4
201.35 -576.961 0 0 88.0794 0.000494453 6.19515 178.811 0 8 0 4
201.383 -575.961 0 0 88.1064 0.000446095 6.21136 179.811 0 8 0 4
201.416 -574.962 0 0 88.1306 0.000399341 6.22799 180.811 0 8 0 4
201.449 -573.962 0 0 88.1522 0.000354123 6.24501 181.811 0 8 0 4
201.481 -572.963 0 0 88.1712 0.000310424 6.26242 182.811 0 8 0 4
201.512 -571.963 0 0 88.1878 0.000268241 6.28023 183.811 0 8 0 4
201.544 -570.964 0 0 88.202 0.000227553 6.29842 184.811 0 8 0 4
201.575 -569.964 0 0 88.2139 0.000188293 6.31699 185.811 0 8 0 4
201.606 -568.965 0 0 88.2236 0.00015033 6.33594 186.811 0 8 0 4
201.637 -567.966 0 0 88.2312 0.000113446 6.35526 187.811 0 8 0 4
201.668 -566.966 0 0 88.2366 7.73185e-05 6.37495 188.811 0 8 0 4
201.699 -565.967 0 0 88.2401 4.15112e-05 6.395 189.811 0 8 0 4
201.729 -564.967 0 0 88.2414 5.49968e-06 6.41541 190.811 0 8 0 4
201.76 -563.967 0 0 88.2407 -3.12414e-05 6.43617 191.811 0 8 0 4
201.791 -562.968 0 0 88.2378 -6.91003e-05 6.45729 192.811 0 8 0 4
201.821 -561.968 0 0 88.2327 -0.000108174 6.47874 193.811 0 8 0 4
201.852 -560.969 0 0 88.2254 -0.000148176 6.50054 194.811 0 8 0 4
201.883 -559.969 0 0 88.2157 -0.000188477 6.52266 195.811 0 8 0 4
201.915 -558.97 0 0 88.2038 -0.000228335 6.54512 196.811 0 8 0 4
201.946 -557.97 0 0 88.1896 -0.000267278 6.5679 197.811 0 8 0 4
201.978 -556.971 0 0 88.1732 -0.000305517 6.591 198.811 0 8 0 4
202.01 -555.971 0 0 88.1546 -0.000344212 6.61442 199.811 0 8 0 4
202.042 -554.972 0 0 88.1337 -0.000385415 6.63815 200.811 0 8 0 4
202.075 -553.972 0 0 88.1102 -0.00043157 6.66218 201.811 0 8 0 4
202.108 -552.973 0 0 88.084 -0.000484647 6.68651 202.811 0 8 0 4
202.142 -551.973 0 0 88.0545 -0.000545123 6.71114 203.811 0 8 0 4
202.176 -550.974 0 0 88.0214 -0.000611194 6.73606 204.811 0 8 0 4
202.211 -549.975 0 0 87.9844 -0.000678589 6.76127 205.811 0 8 0 4
202.246 -548.975 0 0 87.9437 -0.000741289 6.78676 206.811 0 8 0 4
202.283 -547.976 0 0 87.8998 -0.000793174 6.81253 207.811 0 8 0 4
202.32 -546.977 0 0 87.8533 -0.000830319 6.83857 208.811 0 8 0 4
202.358 -545.977 0 0 87.805 -0.000853372 6.86488 209.811 0 8 0 4
202.396 -544.978 0 0 87.7557 -0.000869272 6.89145 210.811 0 8 0 4
202.436 -543.979 0 0 87.7053 -0.000891611 6.91828 211.811 0 8 0 4
202.476 -542.98 0 0 87.6528 -0.000939178 6.94537 212.811 0 8 0 4
202.518 -541.98 0 0 87.5963 -0.00103266 6.97271 213.811 0 8 0 4
202.56 -540.981 0 0 87.5326 -0.00118996 7.00029 214.811 0 8 0 4
202.604 -539.982 0 0 87.4578 -0.00142105 7.02812 215.811 0 8 0 4
202.649 -538.983 0 0 87.3678 -0.00172341 7.05618 216.811 0 8 0 4
202.696 -537.985 0 0 87.2588 -0.00207933 7.08448 217.811 0 8 0 4
202.745 -536.986 0 0 87.1289 -0.00245573 7.11301 218.811 0 8 0 4
202.796 -535.987 0 0 86.9781 -0.00280687 7.14177 219.811 0 8 0 4
202.85 -534.989 0 0 86.8095 -0.00307969 7.17074 220.811 0 8 0 4
202.907 -533.99 0 0 86.629 -0.00322091 7.19993 221.811 0 8 0 4
202.968 -532.992 0 0 86.4455 -0.00318466 7.22934 222.811 0 8 0 4
203.031 -531.994 0 0 86.2701 -0.00293942 7.25896 223.811 0 8 0 4
203.098 -530.996 0 0 86.115 -0.0024729 7.28878 224.811 0 8 0 4
203.167 -529.999 0 0 85.9928 -0.00179418 7.3188 225.811 0 8 0 4
203.238 -529.001 0 0 85.9146 -0.000932772 7.34882 226.811 0 8 0 4
203.309 -528.004 0 0 85.8898 6.50748e-05 7.37878 227.811 0 8 0 4
203.381 -527.006 0 0 85.9244 0.0011422 7.40857 228.811 0 8 0 4
203.451 -526.009 0 0 86.0212 0.00223732 7.43799 229.811 0 8 0 4
203.52 -525.011 0 0 86.1796 0.00329179 7.4667 230.811 0 8 0 4
203.585 -524.013 0 0 86.3958 0.0042553 7.49412 231.811 0 8 0 4
203.645 -523.015 0 0 86.6635 0.00508987 7.51932 232.811 0 8 0 4
203.701 -522.017 0 0 86.9746 0.00577188 7.54078 233.811 0 8 0 4
203.751 -521.018 0 0 87.3202 0.00629201 7.55598 234.811 0 7.97325 0 4
203.795 -520.019 0 0 87.691 0.00665379 7.56507 235.811 0 7.75346 0 4
203.832 -519.02 0 0 88.0784 0.00687095 7.57055 236.81 0 7.62995 0 4
203.862 -518.02 0 0 88.4747 0.0069644 7.57395 237.81 0 7.57859 0 4
203.885 -517.021 0 0 88.8736 0.00695919 7.57618 238.81 0 7.58142 0 4
203.901 -516.021 0 0 89.2701 0.0068817 7.57777 239.81 0 7.62398 0 4
203.91 -515.021 0 0 89.6608 0.00675714 7.57903 240.81 0 7.69393 0 4
203.913 -514.021 0 0 90.0436 0.00660742 7.58013 241.81 0 7.78062 0 4
203.909 -513.021 0 0 90.4177 0.00644932 7.58119 242.81 0 7.87541 0 4
203.898 -512.021 0 0 90.7827 0.00629307 7.58224 243.81 0 7.97258 0 4
203.881 -511.021 0 0 91.1389 0.00614155 7.58346 244.81 0 8 0 4
203.858 -510.022 0 0 91.4865 0.00599034 7.58485 245.81 0 8 0 4
203.83 -509.022 0 0 91.8251 0.00582876 7.58642 246.81 0 8 0 4
203.795 -508.023 0 0 92.1537 0.00564222 7.58815 247.81 0 8 0 4
203.754 -507.023 0 0 92.4705 0.00541531 7.59007 248.81 0 8 0 4
203.709 -506.025 0 0 92.7727 0.0051356 7.59215 249.81 0 8 0 4
203.658 -505.026 0 0 93.0573 0.00479713 7.59441 250.81 0 8 0 4
203.602 -504.027 0 0 93.3208 0.00440313 7.59684 251.81 0 8 0 4
203.542 -503.029 0 0 93.5606 0.00396724 7.59944 252.81 0 8 0 4
203.478 -502.031 0 0 93.7749 0.00351278 7.60221 253.81 0 8 0 4
203.41 -501.034 0 0 93.9635 0.0030703 7.60516 254.81 0 8 0 4
203.339 -500.036 0 0 94.1281 0.00267362 7.60828 255.81 0 8 0 4
203.266 -499.039 0 0 94.2721 0.00235502 7.61154 256.81 0 8 0 4
203.19 -498.042 0 0 94.4009 0.00214058 7.6148 257.81 0 8 0 4
203.113 -497.045 0 0 94.5209 0.00204637 7.618 258.81 0 8 0 4
203.033 -496.048 0 0 94.639 0.0020761 7.62103 259.81 0 8 0 4
202.951 -495.051 0 0 94.7621 0.00222063 7.6237 260.81 0 8 0 4
202.867 -494.055 0 0 94.8961 0.00245937 7.62568 261.81 0 8 0 4
202.78 -493.058 0 0 95.0458 0.00276312 7.62645 262.81 0 8 0 4
202.691 -492.062 0 0 95.2137 0.00309793 7.6251 263.81 0 8 0 4
202.598 -491.066 0 0 95.4007 0.00342926 7.62018 264.81 0 8 0 4
202.503 -490.071 0 0 95.6057 0.0037259 7.61091 265.81 0 8 0 4
202.403 -489.076 0 0 95.8259 0.00396304 7.59905 266.81 0 8 0 4
202.3 -488.081 0 0 96.0576 0.0041243 7.58566 267.81 0 8 0 4
202.192 -487.087 0 0 96.2962 0.00420242 7.57138 268.81 0 8 0 4
202.08 -486.093 0 0 96.5368 0.0041989 7.55663 269.81 0 8 0 4
201.964 -485.1 0 0 96.7752 0.00412263 7.54162 270.81 0 8 0 4
201.844 -484.108 0 0 97.0075 0.00398779 7.5265 271.81 0 8 0 4
201.72 -483.115 0 0 97.231 0.00381154 7.51136 272.81 0 8 0 4
201.593 -482.124 0 0 97.4436 0.00361162 7.49623 273.81 0 8 0 4
201.461 -481.132 0 0 97.6446 0.00340421 7.48124 274.81 0 8 0 4
201.327 -480.141 0 0 97.8338 0.00320241 7.46641 275.81 0 8 0 4
201.189 -479.151 0 0 98.012 0.00301527 7.45173 276.81 0 8 0 4
201.048 -478.161 0 0 98.1799 0.00284754 7.43719 277.81 0 8 0 4
200.904 -477.171 0 0 98.3389 0.0027001 7.42281 278.81 0 8 0 4
200.758 -476.182 0 0 98.4899 0.002571 7.40859 279.81 0 8 0 4
200.609 -475.193 0 0 98.6339 0.00245682 7.39451 280.81 0 8 0 4
200.457 -474.205 0 0 98.7717 0.00235426 7.3806 281.81 0 8 0 4
200.304 -473.217 0 0 98.904 0.00226129 7.36684 282.81 0 8 0 4
200.148 -472.229 0 0 99.0311 0.00217804 7.35324 283.81 0 8 0 4
199.99 -471.241 0 0 99.1539 0.00210688 7.3398 284.81 0 8 0 4
199.83 -470.254 0 0 99.273 0.00205215 7.32653 285.81 0 8 0 4
199.668 -469.268 0 0 99.3897 0.00201922 7.31341 286.81 0 8 0 4
199.503 -468.281 0 0 99.5052 0.00201325 7.30046 287.81 0 8 0 4
199.337 -467.295 0 0 99.6212 0.00203762 7.28767 288.81 0 8 0 4
199.169 -466.309 0 0 99.7395 0.00209258 7.27505 289.81 0 8 0 4
198.999 -465.324 0 0 99.8618 0.00217431 7.26259 290.81 0 8 0 4
198.827 -464.339 0 0 99.9892 0.00227495 7.25031 291.81 0 8 0 4
198.652 -463.354 0 0 100.123 0.00238337 7.23819 292.81 0 8 0 4
198.475 -462.37 0 0 100.262 0.00248643 7.22625 293.81 0 8 0 4
198.296 -461.386 0 0 100.407 0.00257034 7.21447 294.81 0 8 0 4
198.114 -460.403 0 0 100.556 0.00262183 7.20287 295.81 0 8 0 4
197.929 -459.42 0 0 100.706 0.00262947 7.19144 296.81 0 8 0 4
197.742 -458.438 0 0 100.856 0.00258527 7.18019 297.81 0 8 0 4
197.553 -457.456 0 0 101.001 0.00248614 7.16912 298.81 0 8 0 4
197.361 -456.474 0 0 101.139 0.00233455 7.15822 299.81 0 8 0 4
197.166 -455.493 0 0 101.267 0.00213758 7.1475 300.81 0 8 0 4
196.97 -454.512 0 0 101.383 0.00190459 7.13696 301.811 0 8 0 4
196.771 -453.532 0 0 101.485 0.00164492 7.1266 302.811 0 8 0 4
196.572 -452.553 0 0 101.571 0.00136698 7.11643 303.811 0 8 0 4
196.371 -451.574 0 0 101.641 0.00107921 7.10644 304.81 0 8 0 4
196.168 -450.596 0 0 101.695 0.000791999 7.09664 305.809 0 8 0 4
195.966 -449.617 0 0 101.732 0.000518561 7.08703 306.808 0 8 0 4
195.762 -448.638 0 0 101.755 0.000273183 7.07759 307.808 0 8 0 4
195.558 -447.658 0 0 101.765 6.72193e-05 7.06833 308.809 0 8 0 4
195.353 -446.676 0 0 101.764 -9.5187e-05 7.05924 309.812 0 8 0 4
195.149 -445.694 0 0 101.755 -0.000219213 7.05034 310.815 0 8 0 4
194.945 -444.713 0 0 101.739 -0.000318212 7.04164 311.817 0 8 0 4
194.742 -443.734 0 0 101.718 -0.000409726 7.03315 312.817 0 8 0 4
194.539 -442.758 0 0 101.692 -0.000509758 7.02488 313.814 0 8 0 4
194.338 -441.786 0 0 101.66 -0.000626622 7.01683 314.807 0 8 0 4
194.138 -440.815 0 0 101.621 -0.000756205 7.00899 315.798 0 8 0 4
193.939 -439.845 0 0 101.574 -0.000881072 7.00134 316.788 0 8 0 4
193.74 -438.871 0 0 101.521 -0.000975071 6.99386 317.782 0 8 0 4
193.541 -437.892 0 0 101.464 -0.00101207 6.98653 318.781 0 8 0 4
193.341 -436.904 0 0 101.407 -0.000974392 6.97934 319.79 0 8 0 4
193.14 -435.905 0 0 101.353 -0.000856555 6.97227 320.808 0 8 0 4
192.938 -434.895 0 0 101.309 -0.000663574 6.96534 321.838 0 8 0 8
192.735 -433.877 0 0 101.277 -0.00040636 6.95856 322.877 0 8 0 4
192.53 -432.851 0 0 101.262 -9.75959e-05 6.95196 323.922 0 8 0 4
192.326 -431.823 0 0 101.266 0.000250186 6.94556 324.97 0 8 0 4
192.121 -430.796 0 0 101.293 0.000624495 6.93938 326.018 0 8 0 4
191.916 -429.772 0 0 101.341 0.00101196 6.93345 327.062 0 8 0 4
191.712 -428.755 0 0 101.413 0.00139787 6.92777 328.099 0 8 0 4
191.507 -427.746 0 0 101.506 0.00176711 6.92235 329.129 0 8 0 4
191.302 -426.744 0 0 101.62 0.00210642 6.91719 330.151 0 8 0 4
191.097 -425.751 0 0 101.751 0.00240716 6.91228 331.166 0 8 0 4
190.89 -424.764 0 0 101.897 0.0026674 6.90761 332.174 0 8 0 4
190.682 -423.782 0 0 102.057 0.00289217 6.90317 333.178 0 8 0 4
190.472 -422.804 0 0 102.229 0.00309185 6.89896 334.178 0 8 0 4
190.259 -421.828 0 0 102.411 0.00327931 6.89496 335.177 0 8 0 4
190.043 -420.854 0 0 102.604 0.00346695 6.89117 336.175 0 8 0 4
189.823 -419.881 0 0 102.808 0.00366472 6.88759 337.172 0 8 0 4
189.6 -418.909 0 0 103.024 0.00387924 6.88421 338.17 0 8 0 4
189.373 -417.936 0 0 103.252 0.00411418 6.88105 339.168 0 8 0 4
189.142 -416.965 0 0 103.495 0.00437119 6.87809 340.167 0 8 0 4
188.907 -415.993 0 0 103.753 0.00465117 6.87533 341.167 0 8 0 4
188.667 -415.023 0 0 104.029 0.00495507 6.87279 342.166 0 8 0 4
188.422 -414.053 0 0 104.322 0.00528411 6.87046 343.166 0 8 0 4
188.172 -413.085 0 0 104.635 0.00563922 6.8683 344.166 0 8 0 4
187.917 -412.118 0 0 104.969 0.00601964 6.86613 345.167 0 8 0 4
187.656 -411.152 0 0 105.325 0.00642129 6.86389 346.167 0 7.89258 0 4
187.388 -410.189 0 0 105.705 0.00683526 6.86143 347.167 0 7.64984 0 4
187.114 -409.227 0 0 106.109 0.0072469 6.85851 348.167 0 7.4294 0 4
186.833 -408.267 0 0 106.535 0.00763616 6.85473 349.167 0 7.23757 0 4
186.545 -407.31 0 0 106.982 0.00797917 6.8494 350.167 0 7.08029 0 4
186.249 -406.354 0 0 107.447 0.00825128 6.8414 351.167 0 6.96257 0 4
185.945 -405.402 0 0 107.925 0.0084308 6.82889 352.167 0 6.88804 0 4
185.634 -404.452 0 0 108.41 0.00850289 6.80886 353.167 0 6.85878 0 4
185.314 -403.504 0 0 108.896 0.00846261 6.77633 354.167 0 6.87508 0 4
184.986 -402.56 0 0 109.377 0.00831692 6.73318 355.167 0 6.93504 0 4
184.65 -401.618 0 0 109.847 0.00808497 6.68333 356.167 0 7.03381 0 4
184.307 -400.679 0 0 110.302 0.00779643 6.62919 357.166 0 7.16279 0 4
183.957 -399.742 0 0 110.739 0.00748768 6.5722 358.166 0 7.30898 0 4
183.599 -398.808 0 0 111.16 0.00719641 6.51325 359.166 0 7.45542 0 4
183.235 -397.877 0 0 111.566 0.00695614 6.45286 360.166 0 7.58309 0 4
182.864 -396.949 0 0 111.959 0.00679214 6.39135 361.166 0 7.67409 0 4
182.487 -396.022 0 0 112.346 0.00671964 6.32891 362.166 0 7.71537 0 4
182.103 -395.099 0 0 112.732 0.00674328 6.26564 363.166 0 7.70184 0 4
181.714 -394.177 0 0 113.122 0.0068566 6.2016 364.166 0 7.63793 0 4
181.318 -393.259 0 0 113.52 0.00704092 6.13681 365.167 0 7.53729 0 4
180.916 -392.343 0 0 113.93 0.00726521 6.07129 366.167 0 7.42004 0 4
180.507 -391.431 0 0 114.353 0.00748943 6.00502 367.167 0 7.30812 0 4
180.091 -390.521 0 0 114.787 0.00767318 5.93799 368.167 0 7.22008 0 4
179.668 -389.615 0 0 115.23 0.00778733 5.87019 369.166 0 7.16697 0 4
179.239 -388.712 0 0 115.677 0.00782266 5.80158 370.166 0 7.15077 0 4
178.802 -387.813 0 0 116.124 0.0077886 5.73214 371.167 0 7.16639 0 4
178.358 -386.916 0 0 116.568 0.00769977 5.66185 372.167 0 7.20761 0 4
177.907 -386.023 0 0 117.005 0.00755642 5.59067 373.167 0 7.27565 0 4
177.449 -385.134 0 0 117.432 0.00733133 5.51859 374.167 0 7.3865 0 4
176.986 -384.249 0 0 117.841 0.00697454 5.44556 375.167 0 7.57308 0 4
176.516 -383.367 0 0 118.225 0.00643917 5.37156 376.166 0 7.88161 0 4
176.041 -382.488 0 0 118.573 0.00571821 5.29654 377.165 0 8 0 4
175.56 -381.612 0 0 118.876 0.00487043 5.22046 378.164 0 8 0 4
175.075 -380.738 0 0 119.131 0.00401373 5.14328 379.164 0 8 0 4
174.586 -379.864 0 0 119.34 0.00327972 5.06498 380.165 0 8 0 4
174.093 -378.991 0 0 119.513 0.00274716 4.98562 381.168 0 8 0 4
173.598 -378.118 0 0 119.661 0.002385 4.90526 382.171 0 8 0 4
173.101 -377.248 0 0 119.787 0.00202921 4.82411 383.174 0 8 0 4
172.603 -376.38 0 0 119.886 0.001404 4.74247 384.174 0 8 0 4
172.106 -375.517 0 0 119.931 0.00018881 4.66332 385.17 0 8 0 4
171.61 -374.656 0 0 119.884 -0.00187377 4.59158 386.163 0 8 0 4
171.118 -373.797 0 0 119.692 -0.00485449 4.52757 387.154 0 8 0 4
170.629 -372.935 0 0 119.311 -0.00855333 4.47156 388.144 0 6.83852 0 4
170.146 -372.067 0 0 118.71 -0.0125177 4.42382 389.138 0 5.65285 0 4
169.671 -371.187 0 0 117.886 -0.0161776 4.38468 390.138 0 4.97248 0 4
169.206 -370.29 0 0 116.866 -0.0190331 4.35457 391.148 0 4.58432 0 4
168.754 -369.375 0 0 115.7 -0.0207919 4.33399 392.168 0 4.38615 0 4
168.316 -368.441 0 0 114.453 -0.0213991 4.32347 393.201 0 4.32347 0 4
167.895 -367.487 0 0 113.19 -0.0209774 4.32405 394.243 0 4.36671 0 4
167.493 -366.518 0 0 111.968 -0.0197364 4.32522 395.292 0 4.50191 0 4
167.109 -365.537 0 0 110.835 -0.017903 4.32699 396.345 0 4.7268 0 4
166.744 -364.55 0 0 109.823 -0.0156878 4.32935 397.398 0 5.0495 0 4
166.396 -363.56 0 0 108.954 -0.0132803 4.33229 398.447 0 5.48815 0 4
166.064 -362.572 0 0 108.233 -0.0108553 4.33578 399.489 0 6.07028 0 4
165.746 -361.588 0 0 107.657 -0.00857596 4.33981 400.523 0 6.8295 0 4
165.44 -360.61 0 0 107.211 -0.00658498 4.34437 401.549 0 7.79386 0 4
165.142 -359.638 0 0 106.873 -0.0049875 4.34942 402.566 0 8 0 4
164.851 -358.67 0 0 106.618 -0.00383324 4.35498 403.576 0 8 0 4
164.566 -357.707 0 0 106.418 -0.00310854 4.36103 404.58 0 8 0 4
164.285 -356.747 0 0 106.25 -0.00274294 4.36757 405.581 0 8 0 4
164.007 -355.788 0 0 106.096 -0.00262769 4.37461 406.58 0 8 0 4
163.731 -354.829 0 0 105.945 -0.00263902 4.38215 407.577 0 8 0 4
163.459 -353.87 0 0 105.794 -0.00265873 4.39019 408.574 0 8 0 4
163.188 -352.91 0 0 105.644 -0.00258819 4.39874 409.572 0 8 0 4
162.92 -351.948 0 0 105.503 -0.00235564 4.40778 410.57 0 8 0 4
162.655 -350.986 0 0 105.38 -0.00191825 4.41733 411.568 0 8 0 4
162.391 -350.022 0 0 105.289 -0.00126125 4.42737 412.568 0 8 0 4
162.128 -349.057 0 0 105.242 -0.000395327 4.4379 413.567 0 8 0 4
161.865 -348.092 0 0 105.249 0.000646958 4.44891 414.567 0 8 0 4
161.601 -347.127 0 0 105.32 0.00181572 4.4604 415.568 0 8 0 4
161.336 -346.163 0 0 105.459 0.00304918 4.47237 416.568 0 8 0 4
161.068 -345.199 0 0 105.669 0.00427988 4.4848 417.568 0 8 0 4
160.796 -344.237 0 0 105.948 0.00544126 4.49769 418.569 0 8 0 4
160.518 -343.276 0 0 106.289 0.00647403 4.51104 419.569 0 7.86036 0 4
160.235 -342.317 0 0 106.685 0.00733171 4.52483 420.569 0 7.38631 0 4
159.944 -341.36 0 0 107.123 0.00798455 4.53907 421.569 0 7.0779 0 4
159.646 -340.406 0 0 107.593 0.0084215 4.55374 422.569 0 6.89184 0 4
159.34 -339.454 0 0 108.082 0.00864991 4.56885 423.568 0 6.80024 0 4
159.025 -338.505 0 0 108.579 0.00869326 4.58438 424.568 0 6.78326 0 4
158.703 -337.559 0 0 109.074 0.00858727 4.60033 425.568 0 6.82499 0 4
158.372 -336.615 0 0 109.56 0.0083752 4.6167 426.568 0 6.91086 0 4
158.033 -335.674 0 0 110.032 0.0081029 4.63348 427.567 0 7.02602 0 4
157.687 -334.736 0 0 110.488 0.00781437 4.65066 428.567 0 7.15456 0 4
157.333 -333.801 0 0 110.928 0.00754808 4.66823 429.567 0 7.27967 0 4
156.973 -332.868 0 0 111.354 0.00733422 4.6862 430.567 0 7.38504 0 4
156.605 -331.938 0 0 111.77 0.00719292 4.70456 431.567 0 7.45723 0 4
156.231 -331.011 0 0 112.181 0.00713344 4.72329 432.567 0 7.48825 0 4
155.85 -330.086 0 0 112.59 0.00715426 4.74239 433.567 0 7.47735 0 4
155.463 -329.164 0 0 113.003 0.00724432 4.76186 434.568 0 7.43072 0 4
155.068 -328.245 0 0 113.422 0.00738541 4.78169 435.568 0 7.3594 0 4
154.668 -327.329 0 0 113.85 0.00755564 4.80188 436.568 0 7.27603 0 4
154.26 -326.416 0 0 114.288 0.00773364 4.8224 437.568 0 7.1918 0 4
153.845 -325.506 0 0 114.736 0.00790286 4.84327 438.568 0 7.1144 0 4
153.423 -324.599 0 0 115.193 0.0080548 4.86447 439.568 0 7.04697 0 4
152.993 -323.696 0 0 115.658 0.00819036 4.886 440.568 0 6.98841 0 4
152.557 -322.796 0 0 116.131 0.0083183 4.90785 441.568 0 6.93446 0 4
152.113 -321.9 0 0 116.612 0.00845065 4.92971 442.568 0 6.87994 0 4
151.661 -321.008 0 0 117.1 0.00859579 4.95148 443.568 0 6.82161 0 4
151.202 -320.12 0 0 117.597 0.00875034 4.97299 444.568 0 6.7611 0 4
150.735 -319.236 0 0 118.102 0.008892 4.99392 445.568 0 6.70703 0 4
150.26 -318.356 0 0 118.614 0.00897526 5.01375 446.567 0 6.67585 0 4
149.777 -317.481 0 0 119.127 0.00893184 5.03158 447.567 0 6.69206 0 4
149.287 -316.61 0 0 119.631 0.00867665 5.04596 448.567 0 6.78975 0 4
148.788 -315.743 0 0 120.112 0.00811882 5.0545 449.567 0 7.01913 0 4
148.283 -314.88 0 0 120.55 0.00717613 5.05329 450.566 0 7.46595 0 4
147.772 -314.021 0 0 120.922 0.00578997 5.0359 451.567 0 8 0 4
147.255 -313.164 0 0 121.201 0.00393792 4.99526 452.567 0 8 0 4
146.735 -312.309 0 0 121.361 0.00164114 4.9402 453.568 0 8 0 4
146.214 -311.455 0 0 121.378 -0.00103477 4.8761 454.568 0 8 0 4
145.693 -310.6 0 0 121.234 -0.00398556 4.80626 455.569 0 8 0 4
145.176 -309.743 0 0 120.917 -0.0070794 4.73266 456.57 0 7.51678 0 4
144.665 -308.883 0 0 120.422 -0.0101714 4.6565 457.571 0 6.27103 0 4
144.162 -308.018 0 0 119.755 -0.0131192 4.57853 458.571 0 5.52174 0 4
143.672 -307.146 0 0 118.926 -0.0157977 4.49917 459.571 0 5.03191 0 4
143.195 -306.267 0 0 117.955 -0.0181118 4.41868 460.571 0 4.69948 0 4
142.735 -305.381 0 0 116.864 -0.0200051 4.3372 461.57 0 4.47157 0 4
142.292 -304.485 0 0 115.677 -0.0214644 4.2548 462.569 0 4.31688 0 4
141.869 -303.58 0 0 114.419 -0.0225178 4.1715 463.568 0 4.21471 0 4
141.466 -302.666 0 0 113.11 -0.0232266 4.08731 464.567 0 4.14989 0 4
141.085 -301.743 0 0 111.767 -0.0236743 4.0022 465.566 0 4.11047 0 4
140.726 -300.811 0 0 110.404 -0.0239533 3.91614 466.565 0 4.08646 0 4
140.388 -299.87 0 0 109.026 -0.0241534 3.82911 467.565 0 4.0695 0 4
140.074 -298.921 0 0 107.637 -0.0243534 3.74104 468.564 0 4.05276 0 4
139.782 -297.964 0 0 106.234 -0.0246155 3.65191 469.564 0 4.03112 0 4
139.515 -297 0 0 104.813 -0.0249818 3.56166 470.565 0 4.00145 0 4
139.271 -296.03 0 0 103.367 -0.0254727 3.47023 471.565 0 3.96271 0 4
139.052 -295.054 0 0 101.889 -0.0260874 3.37758 472.566 0 3.91575 0 4
138.859 -294.072 0 0 100.373 -0.0268089 3.28362 473.566 0 3.86269 0 4
138.692 -293.086 0 0 98.8134 -0.0276121 3.18829 474.566 0 3.8061 0 4
138.552 -292.095 0 0 97.2058 -0.0284747 3.0915 475.567 0 3.74801 0 4
138.441 -291.101 0 0 95.5472 -0.0293868 2.99315 476.567 0 3.68938 0 4
138.359 -290.104 0 0 93.8347 -0.0303527 2.89314 477.568 0 3.63021 0 8
138.307 -289.104 0 0 92.065 -0.031382 2.79133 478.569 0 3.57018 0 4
138.287 -288.104 0 0 90.235 -0.0324731 2.6876 479.569 0 3.50969 0 4
138.299 -287.104 0 0 88.3425 -0.0335931 2.58179 480.569 0 3.45068 0 4
138.345 -286.106 0 0 86.3885 -0.0346682 2.4737 481.568 0 3.39676 0 4
138.425 -285.111 0 0 84.3788 -0.0355917 2.36308 482.567 0 3.3524 0 4
138.54 -284.12 0 0 82.3244 -0.0362563 2.24961 483.564 0 3.32153 0 4
138.691 -283.133 0 0 80.2407 -0.0366036 2.13287 484.562 0 3.30573 0 4
138.878 -282.152 0 0 78.1428 -0.0366742 2.01236 485.561 0 3.30255 0 4
139.102 -281.177 0 0 76.0398 -0.0366324 1.88741 486.562 0 3.30444 0 4
139.362 -280.207 0 0 73.9289 -0.0367513 1.75723 487.566 0 3.29909 0 4
139.659 -279.245 0 0 71.7909 -0.0373615 1.62078 488.573 0 3.27204 0 4
139.992 -278.291 0 0 69.5893 -0.0387863 1.47678 489.583 0 3.21137 0 4
140.363 -277.351 0 0 67.2726 -0.0412905 1.32349 490.594 0 3.11247 0 4
140.773 -276.428 0 0 64.7789 -0.0450515 1.15859 491.604 0 2.97972 0 4
141.222 -275.528 0 0 62.0423 -0.0501521 0.978836 492.609 0 2.82413 0 4
141.711 -274.659 0 0 58.998 -0.056581 0.779741 493.606 0 2.65885 0 4
142.243 -273.828 0 0 55.5881 -0.0642377 0.555214 494.593 0 2.49537 0 4
142.819 -273.042 0 0 51.7644 -0.0729479 0.297611 495.567 0 2.34166 0 4
143.44 -272.31 0 0 49.1493 -0.0729479 0 496.528 0 2.34166 0 4
