-72.7248 105.379
-72.5166 106.32
-72.3361 107.293
-72.2109 108.331
-72.0614 109.34
-71.4374 109.795
-70.3899 109.754
-69.1796 109.524
-68.0504 109.388
-67.0508 109.404
-66.1047 109.482
-65.1395 109.538
-64.1404 109.554
-63.1262 109.553
-62.1155 109.556
-61.1146 109.571
-60.1183 109.591
-59.1213 109.61
-58.1216 109.626
-57.1207 109.641
-56.1202 109.656
-55.1203 109.673
-54.1207 109.689
-53.1211 109.706
-52.1213 109.722
-51.1213 109.739
-50.1214 109.755
-49.1216 109.772
-48.1217 109.789
-47.1219 109.806
-46.122 109.823
-45.1221 109.84
-44.1224 109.857
-43.1226 109.875
-42.1227 109.892
-41.1226 109.911
-40.1225 109.929
-39.1228 109.947
-38.1238 109.964
-37.1249 109.981
-36.1248 110
-35.1221 110.026
-34.1191 110.052
-33.122 110.067
-32.1351 110.062
-31.1461 110.062
-30.1345 110.109
-29.1112 110.18
-28.3261 109.783
-27.8159 108.886
-27.4598 107.784
-27.1482 106.744
-26.8535 105.798
-26.5831 104.881
-26.3439 103.934
-26.1372 102.952
-25.9616 101.956
-25.8148 100.964
-25.6798 99.9777
-25.5304 98.9879
-25.3556 97.988
-25.2923 96.9987
-25.5021 96.0464
-25.9099 95.1216
-26.3776 94.2051
-26.7893 93.2808
-27.1454 92.3488
-27.485 91.4146
-27.8405 90.4828
-28.2102 89.5528
-28.5815 88.6226
-28.9454 87.6908
-29.3079 86.7592
-29.6791 85.8306
-30.0616 84.9054
-30.4223 83.973
-30.7231 83.0212
-30.9709 82.0523
-31.1968 81.0764
-31.4302 80.103
-31.6785 79.1343
-31.9336 78.1677
-32.1877 77.2006
-32.4378 76.2322
-32.6835 75.2629
-32.9251 74.2932
-33.1687 73.3239
-33.4231 72.3562
-33.6797 71.3887
-33.8023 70.4032
-33.7989 69.4008
-33.7512 68.3924
-33.7331 67.388
-33.7523 66.3885
-33.7838 65.3909
-33.8062 64.3923
-33.8196 63.3923
-33.832 62.3916
-33.8494 61.3907
-33.8679 60.3904
-33.8802 59.3915
-33.882 58.3944
-33.8871 57.3965
-33.9171 56.3937
-33.9717 55.3864
-33.8881 54.4054
-33.5751 53.4674
-33.1384 52.5501
-32.697 51.6285
-32.3187 50.6921
-31.9701 49.7579
-31.6065 48.8462
-31.2171 47.9501
-30.8468 47.0189
-30.5429 46.0011
-30.2373 44.9908
-29.7019 44.2832
-28.8243 44.0229
-27.7441 44.0274
-26.6302 44.0758
-25.6 44.0148
-24.628 43.8779
-23.6642 43.7305
-22.6779 43.6125
-21.6773 43.513
-20.675 43.415
-19.6789 43.3082
-18.6865 43.1977
-17.6939 43.0902
-16.6995 42.9847
-15.7066 42.8618
-14.7154 42.7263
-13.7232 42.6038
-12.7274 42.5191
-11.7279 42.4791
-10.7268 42.4766
-9.72634 42.5038
-8.72755 42.556
-7.73043 42.6317
-6.73496 42.7298
-5.74269 42.8569
-4.75661 43.0263
-3.77905 43.2463
-2.79273 43.3731
-1.79399 43.2818
-0.809386 43.0066
0.132787 42.5851
0.987676 42.0278
1.69483 41.3187
2.19186 40.447
2.40122 39.4798
2.33802 38.4898
2.14196 37.4893
1.95818 36.4871
1.86475 35.4876
1.85165 34.4898
1.90188 33.4922
1.96298 32.4939
1.95553 31.4942
1.90283 30.494
1.86917 29.495
1.91175 28.4984
2.02847 27.5048
2.18799 26.5143
2.3606 25.527
2.53786 24.5429
2.72511 23.5615
2.92705 22.5827
3.14292 21.6062
3.36966 20.6318
3.60448 19.6596
3.84743 18.6895
4.10002 17.722
4.36292 16.7572
4.63161 15.794
4.90239 14.8313
5.1741 13.8689
5.44569 12.9065
5.71677 11.944
5.98758 10.9813
6.2584 10.0187
6.52936 9.05612
6.8004 8.09356
7.07145 7.13099
7.34245 6.16841
7.61343 5.20583
7.88439 4.24324
8.15535 3.28064
8.42635 2.31807
8.69744 1.35551
8.96856 0.392965
9.23953 -0.569622
9.51019 -1.53229
9.78073 -2.495
10.0518 -3.45755
10.3241 -4.41977
10.5968 -5.38189
10.8673 -6.34461
11.1333 -7.30856
11.3986 -8.27272
11.6733 -9.23427
11.9676 -10.1904
12.285 -11.1392
12.6253 -12.0796
12.9882 -13.0104
13.3741 -13.9318
13.7838 -14.8452
14.2183 -15.7512
14.6804 -16.6437
15.174 -17.5116
15.7031 -18.3444
16.272 -19.1487
16.8852 -19.9488
17.5476 -20.7647
18.2712 -21.528
19.074 -22.0979
19.9723 -22.3394
20.9523 -22.2688
21.9735 -22.0368
22.9943 -21.7978
23.9914 -21.6397
24.9747 -21.5274
25.9576 -21.4134
26.9462 -21.2762
27.9379 -21.1259
28.9296 -20.9747
29.9196 -20.8293
30.9087 -20.6875
31.8979 -20.5463
32.8876 -20.4043
33.8777 -20.2625
34.868 -20.1221
35.8584 -19.9837
36.8491 -19.8474
37.84 -19.7134
38.8313 -19.5818
39.823 -19.4529
40.815 -19.3272
41.8075 -19.205
42.8005 -19.0866
43.794 -18.9726
44.788 -18.8632
45.7826 -18.7592
46.7778 -18.6612
47.7736 -18.5697
48.7701 -18.4856
49.7672 -18.4095
50.7651 -18.3427
51.7636 -18.2872
52.7627 -18.2451
53.7623 -18.2162
54.7623 -18.2249
55.7598 -18.3189
56.7483 -18.4904
57.7216 -18.7296
58.6772 -19.028
59.6149 -19.378
60.5346 -19.7722
61.4368 -20.2045
62.322 -20.6707
63.1909 -21.1667
64.0441 -21.6894
64.8814 -22.2363
65.7032 -22.8052
66.5109 -23.3938
67.3071 -23.9995
68.0943 -24.6201
68.8698 -25.2557
69.6247 -25.9095
70.352 -26.584
71.0671 -27.2719
71.8013 -27.959
72.5743 -28.6367
73.2473 -29.3677
73.6097 -30.2472
73.7147 -31.2497
73.7237 -32.3002
73.7812 -33.3304
73.8941 -34.327
74.0049 -35.3024
74.0653 -36.2702
74.0979 -37.2533
74.1585 -38.2788
74.265 -39.3498
74.1539 -40.2925
73.5383 -40.9178
72.5561 -41.3004
71.4535 -41.5825
70.4343 -41.8828
69.5004 -42.2086
68.5938 -42.5341
67.6622 -42.8361
66.6999 -43.1137
65.7245 -43.3767
64.7522 -43.6343
63.7853 -43.8888
62.8202 -44.1392
61.8532 -44.3848
60.8827 -44.6241
59.9086 -44.8556
58.9307 -45.0785
57.9531 -45.2985
56.9819 -45.5255
56.0207 -45.7655
55.0543 -45.9952
54.058 -46.1768
53.0417 -46.3251
52.1943 -46.7262
51.5854 -47.487
51.0962 -48.4311
50.6004 -49.3703
50.0314 -50.2058
49.418 -50.9804
48.7971 -51.7486
48.187 -52.5377
47.5796 -53.3363
46.9653 -54.1305
46.3381 -54.9116
45.6965 -55.6776
45.0396 -56.4275
44.369 -57.1646
43.6908 -57.8999
43.0107 -58.6439
42.2887 -59.3331
41.4404 -59.83
40.4957 -60.1781
39.519 -60.4758
38.5655 -60.8069
37.6368 -61.1745
36.7164 -61.5537
35.7889 -61.9215
34.8523 -62.2736
33.9123 -62.6167
32.9735 -62.9571
32.0352 -63.299
31.0949 -63.6458
30.1513 -63.9985
29.2078 -64.3432
28.2697 -64.6609
27.3394 -64.9448
26.4049 -65.2469
25.4502 -65.6372
24.4658 -66.158
23.4917 -66.6492
22.5893 -66.8611
21.8157 -66.5664
21.1708 -65.8135
20.6164 -64.835
20.1149 -63.8587
19.6529 -62.9614
19.2374 -62.0892
18.876 -61.1862
18.5675 -60.2366
18.3026 -59.2608
18.0724 -58.2796
17.87 -57.3
17.6908 -56.319
17.5301 -55.3339
17.3829 -54.3448
17.2444 -53.3536
17.1098 -52.3624
16.9746 -51.3718
16.835 -50.3813
16.6846 -49.3917
16.5105 -48.4064
16.299 -47.4295
16.0401 -46.4641
15.7419 -45.509
15.4179 -44.5619
15.0781 -43.621
14.7242 -42.6858
14.3564 -41.7561
13.975 -40.8317
13.5815 -39.9123
13.1775 -38.9974
12.7645 -38.0866
12.3433 -37.1796
11.9147 -36.2761
11.4792 -35.3759
11.0365 -34.4793
10.5861 -33.5864
10.1284 -32.6971
9.66644 -31.8101
9.20375 -30.9239
8.7406 -30.0382
8.2664 -29.1581
7.76828 -28.2893
7.24986 -27.4304
6.76362 -26.5575
6.36574 -25.6454
6.04981 -24.6968
5.76853 -23.7327
5.47673 -22.7733
5.16333 -21.8235
4.83984 -20.8782
4.51796 -19.9322
4.20242 -18.9834
3.88982 -18.0332
3.57649 -17.0834
3.26156 -16.1343
2.94624 -15.1854
2.63172 -14.2361
2.31777 -13.2866
2.00271 -12.3376
1.68499 -11.3896
1.36694 -10.4417
1.05398 -9.49181
0.748615 -8.53893
0.408318 -7.59982
0.00388856 -6.68598
-0.434379 -5.78546
-0.872861 -4.88502
-1.29448 -3.97793
-1.7063 -3.067
-2.11722 -2.15574
-2.5324 -1.24619
-2.95085 -0.337868
-3.37097 0.569909
-3.79089 1.47786
-4.20805 2.38672
-4.61982 3.29723
-5.02853 4.20865
-5.44578 5.11745
-5.88227 6.02036
-6.25149 6.94386
-6.45648 7.91779
-6.57294 8.9195
-6.68917 9.92245
-6.8508 10.9121
-7.03246 11.8937
-7.20251 12.8743
-7.354 13.8582
-7.51694 14.845
-7.72406 15.8339
-7.96473 16.8232
-8.1389 17.8088
-8.13658 18.7867
-7.92735 19.7555
-7.61166 20.7192
-7.30171 21.6819
-7.05352 22.6465
-6.81298 23.6133
-6.51482 24.5819
-6.25073 25.5481
-6.33846 26.5013
-6.74069 27.4348
-7.26794 28.3438
-7.74715 29.2284
-8.13462 30.1258
-8.4465 31.0904
-8.70871 32.1556
-9.03568 33.1581
-9.59014 33.8269
-10.4558 34.0181
-11.5186 33.9053
-12.6342 33.7112
-13.6839 33.6185
-14.6727 33.6199
-15.6422 33.6509
-16.6282 33.6565
-17.6312 33.636
-18.6389 33.608
-19.642 33.5873
-20.6409 33.573
-21.6386 33.5606
-22.6375 33.5463
-23.6376 33.5302
-24.638 33.5136
-25.6382 33.4975
-26.638 33.4818
-27.6378 33.4662
-28.6376 33.45
-29.6375 33.434
-30.6374 33.419
-31.6373 33.4051
-32.6371 33.3902
-33.637 33.3718
-34.6369 33.3506
-35.6367 33.3431
-36.6364 33.3614
-37.636 33.3962
-38.6354 33.4348
-39.6349 33.4678
-40.6344 33.4957
-41.6342 33.5211
-42.6342 33.5464
-43.6339 33.5743
-44.6329 33.6079
-45.631 33.6468
-46.63 33.6794
-47.6322 33.6911
-48.6375 33.6825
-49.6393 33.6968
-50.6299 33.785
-51.6048 33.979
-52.571 34.2418
-53.5382 34.5205
-54.5131 34.7729
-55.4874 35.0091
-56.4483 35.2549
-57.3906 35.5258
-58.3452 35.7878
-59.3533 35.9925
-60.4285 36.1226
-61.4606 36.2987
-62.3048 36.6798
-62.8469 37.3912
-63.1576 38.3561
-63.3762 39.4216
-63.6345 40.4437
-63.9623 41.3899
-64.3199 42.3033
-64.6685 43.2266
-64.9982 44.1706
-65.3202 45.123
-65.6454 46.0719
-65.9753 47.0157
-66.307 47.9576
-66.6377 48.9004
-66.9671 49.8446
-67.2962 50.7893
-67.6257 51.7337
-67.9556 52.6778
-68.2851 53.6218
-68.6134 54.5663
-68.9417 55.5109
-69.2724 56.4546
-69.6052 57.3977
-69.9155 58.3481
-70.1949 59.3084
-70.4538 60.2748
-70.7024 61.2438
-70.9433 62.2144
-71.1737 63.1874
-71.3905 64.1637
-71.5909 65.1437
-71.7724 66.1271
-71.9329 67.1138
-72.0715 68.1038
-72.1883 69.0974
-72.2824 70.0948
-72.3231 71.0934
-72.2688 72.0892
-72.1489 73.083
-72.0128 74.0767
-71.9044 75.0722
-71.8313 76.0697
-71.7864 77.0685
-71.7636 78.068
-71.761 79.0681
-71.7787 80.0683
-71.8183 81.0683
-71.892 82.066
-72.0152 83.059
-72.1907 84.046
-72.3651 85.0315
-72.4698 86.0218
-72.4784 87.0194
-72.4365 88.0214
-72.3968 89.0239
-72.3928 90.0246
-72.4144 91.024
-72.4455 92.0231
-72.4754 93.0226
-72.5055 94.0222
-72.5386 95.0218
-72.5777 96.021
-72.625 97.0199
-72.6826 98.0183
-72.7312 99.0169
-72.7423 100.017
-72.7319 101.017
-72.7201 102.017
-72.7183 103.017
-72.7219 104.017
-72.7247 105.017
-72.7248 105.379
