-7.99128 -8.37096 1
-9.98478 -8.20981 1
-8.02487 -8.5876 0
-6.19427 -9.38313 0
-4.36367 -10.1787 0
-2.40376 -10.5565 0
-0.410267 -10.7176 0
1.58323 -10.8788 0
3.57673 -11.0399 0
5.57022 -11.2011 0
7.56372 -11.3622 0
9.55886 -11.3041 0
11.4935 -10.813 0
13.2747 -9.91233 0
14.8171 -8.64539 0
16.0465 -7.07299 0
16.904 -5.2706 0
17.3484 -3.32472 0
17.3585 -1.32876 0
16.9336 0.621483 0
16.0942 2.4324 0
14.8807 4.01708 0
14.8111 4.08895 0
14.7408 4.16005 0
14.6697 4.23038 0
14.5979 4.29993 0
14.5253 4.36867 0
14.4519 4.43662 0
14.3778 4.50376 0
14.3029 4.57008 0
14.2274 4.63557 0
14.1511 4.70022 0
14.0741 4.76404 0
13.9964 4.82701 0
13.918 4.88911 0
13.839 4.95036 0
13.7593 5.01073 0
13.6789 5.07022 0
13.5978 5.12882 0
13.5162 5.18653 0
13.4339 5.24334 0
13.351 5.29924 0
13.2674 5.35423 0
13.1833 5.40829 0
13.0986 5.46143 0
13.0133 5.51363 0
12.9275 5.5649 0
12.841 5.61521 0
12.7541 5.66458 0
12.6666 5.71298 0
12.5785 5.76043 0
12.49 5.8069 0
12.4009 5.85239 0
12.3114 5.8969 0
12.2214 5.94043 0
12.1309 5.98297 0
12.0399 6.0245 0
11.9485 6.06504 0
11.8566 6.10457 0
11.7643 6.14309 0
11.6716 6.18059 0
11.6264 6.19846 0
11.5335 6.23546 0
11.441 6.27349 0
11.349 6.31252 0
11.2573 6.35257 0
11.1661 6.39362 0
11.0754 6.43567 0
10.9851 6.47872 0
10.8954 6.52275 0
10.8061 6.56777 0
10.7173 6.61377 0
10.629 6.66074 0
10.5412 6.70867 0
10.454 6.75757 0
10.3673 6.80743 0
10.2812 6.85823 0
10.1956 6.90998 0
10.1106 6.96266 0
10.0262 7.01628 0
9.94239 7.07082 0
9.85918 7.12627 0
9.77658 7.18264 0
9.69461 7.23991 0
9.61327 7.29808 0
9.53257 7.35714 0
9.45253 7.41709 0
9.37315 7.47791 0
9.29445 7.5396 0
9.21642 7.60214 0
9.13909 7.66555 0
9.06246 7.7298 0
8.98655 7.79488 0
8.91135 7.8608 0
8.83688 7.92754 0
8.76315 7.99509 0
8.69016 8.06345 0
8.61793 8.13261 0
8.54647 8.20256 0
8.47577 8.27329 0
8.40586 8.34479 0
8.33674 8.41705 0
8.26842 8.49007 0
8.2009 8.56384 0
8.1342 8.63834 0
8.06832 8.71358 0
8.00328 8.78953 0
7.93907 8.86619 0
7.8757 8.94355 0
7.81319 9.02161 0
7.75155 9.10034 0
7.69077 9.17975 0
7.63087 9.25983 0
7.57185 9.34055 0
7.51372 9.42192 0
7.45649 9.50392 0
7.40016 9.58655 0
7.34475 9.66979 0
7.29025 9.75364 0
7.23668 9.83808 0
7.25124 9.81493 1
7.30413 9.73006 1
7.35609 9.64462 1
7.40711 9.55862 1
7.45718 9.47206 1
7.5063 9.38495 1
7.55445 9.29731 1
7.60164 9.20914 1
7.64786 9.12047 1
7.6931 9.03129 1
7.73736 8.94161 1
7.78063 8.85146 1
7.82291 8.76084 1
7.86418 8.66975 1
7.90446 8.57822 1
7.94373 8.48626 1
7.99128 8.37096 1
