6.494 4.451 205 0 -0.001138
6.131 4.282 205 0 -0.001138
5.768 4.114 204.9 0 -0.002272
5.406 3.945 204.9 0 -0.003338
5.043 3.777 204.8 0 -0.004335
4.679 3.61 204.7 0 -0.003827
4.316 3.443 204.6 0 0.002693
3.952 3.276 204.8 0 0.01082
3.59 3.107 205.1 0 0.0214
3.228 2.935 205.8 0 0.03446
2.87 2.759 206.7 0 0.04746
2.514 2.575 208 0 0.05982
2.163 2.383 209.5 0 0.07189
1.818 2.181 211.2 0 0.07999
1.479 1.968 213.1 0 0.08411
1.148 1.743 215.1 0 0.08696
0.8246 1.508 217.1 0 0.08551
0.5096 1.261 219 0 0.08273
0.2029 1.004 220.8 0 0.07379
-0.09605 0.7385 222.4 0 0.06025
-0.3885 0.4655 223.6 0 0.04664
-0.6758 0.1872 224.5 0 0.03297
-0.9594 -0.09491 225.1 0 0.02021
-1.241 -0.3793 225.5 0 0.013
-1.521 -0.6651 225.7 0 0.007736
-1.799 -0.9518 225.8 0 -0.0002045
-2.078 -1.238 225.7 0 -0.01089
-2.359 -1.524 225.3 0 -0.02603
-2.642 -1.806 224.5 0 -0.04969
-2.931 -2.083 223 0 -0.07093
-3.227 -2.352 221.3 0 -0.08281
-3.532 -2.611 219.2 0 -0.09148
-3.847 -2.858 217.1 0 -0.086
-4.17 -3.094 215.3 0 -0.07361
-4.499 -3.321 213.8 0 -0.06396
-4.835 -3.539 212.3 0 -0.06554
-5.176 -3.748 210.8 0 -0.07008
-5.523 -3.948 209.1 0 -0.07208
-5.875 -4.138 207.6 0 -0.05249
-6.231 -4.32 206.7 0 -0.02492
-6.494 -4.451 206.5 0 -0.02492
