-13.79 -4.918 344.2 1 -0
-13.89 -4.891 344.2 1 -1.144e-15
-13.98 -4.864 344.2 1 -2.288e-15
-14.08 -4.837 344.2 1 -3.432e-15
-14.17 -4.809 344.2 1 -4.575e-15
-14.27 -4.782 344.2 1 -3.66e-15
-14.37 -4.755 344.2 1 -2.745e-15
-14.46 -4.728 344.2 1 -1.83e-15
-14.56 -4.7 344.2 1 -9.151e-16
-14.65 -4.673 344.2 1 -0
-13.71 -4.998 335.7 0 0
-13.62 -5.039 335.6 0 -0.01228
-13.53 -5.08 335.5 0 -0.02456
-13.44 -5.122 335.4 0 -0.03686
-13.35 -5.164 335.1 0 -0.04918
-13.25 -5.206 334.8 0 -0.06151
-13.16 -5.249 334.4 0 -0.07386
-13.07 -5.293 334 0 -0.08623
-12.98 -5.337 333.4 0 -0.09859
-12.9 -5.382 332.8 0 -0.1109
-12.81 -5.428 332.2 0 -0.1223
-12.72 -5.476 331.5 0 -0.1161
-12.63 -5.524 330.8 0 -0.1099
-12.54 -5.573 330.2 0 -0.1038
-12.46 -5.623 329.6 0 -0.09762
-12.37 -5.674 329.1 0 -0.0915
-12.29 -5.726 328.6 0 -0.0854
-12.2 -5.778 328.1 0 -0.07933
-12.12 -5.832 327.7 0 -0.07329
-12.03 -5.885 327.3 0 -0.06728
-11.95 -5.94 326.9 0 -0.06182
-11.86 -5.995 326.5 0 -0.06096
-11.78 -6.05 326.2 0 -0.06009
-11.7 -6.106 325.9 0 -0.05922
-11.62 -6.162 325.5 0 -0.05835
-11.53 -6.219 325.2 0 -0.05747
-11.45 -6.277 324.9 0 -0.05659
-11.37 -6.334 324.5 0 -0.05571
-11.29 -6.393 324.2 0 -0.05482
-11.21 -6.451 323.9 0 -0.05394
-11.13 -6.51 323.6 0 -0.05291
-11.05 -6.57 323.3 0 -0.051
-10.97 -6.63 323 0 -0.04908
-10.89 -6.69 322.7 0 -0.04717
-10.81 -6.751 322.5 0 -0.04525
-10.73 -6.812 322.2 0 -0.04334
-10.65 -6.873 322 0 -0.04143
-10.57 -6.935 321.8 0 -0.03953
-10.49 -6.997 321.5 0 -0.03762
-10.41 -7.06 321.3 0 -0.03572
-10.34 -7.122 321.1 0 -0.0339
-10.26 -7.185 320.9 0 -0.03257
-10.18 -7.248 320.8 0 -0.03125
-10.1 -7.312 320.6 0 -0.02992
-10.03 -7.375 320.4 0 -0.02859
-9.949 -7.439 320.2 0 -0.02726
-9.872 -7.503 320.1 0 -0.02594
-9.795 -7.567 320 0 -0.02461
-9.719 -7.632 319.8 0 -0.02328
-9.643 -7.696 319.7 0 -0.02195
-9.566 -7.761 319.6 0 -0.02064
-9.49 -7.826 319.4 0 -0.01942
-9.414 -7.891 319.3 0 -0.01819
-9.339 -7.956 319.2 0 -0.01697
-9.263 -8.022 319.1 0 -0.01575
-9.187 -8.087 319.1 0 -0.01452
-9.112 -8.153 319 0 -0.0133
-9.036 -8.219 318.9 0 -0.01208
-8.961 -8.284 318.8 0 -0.01085
-8.886 -8.35 318.8 0 -0.009629
-8.811 -8.416 318.7 0 -0.008419
-8.735 -8.482 318.7 0 -0.007367
-8.66 -8.548 318.6 0 -0.006314
-8.585 -8.614 318.6 0 -0.005262
-8.51 -8.68 318.6 0 -0.004209
-8.435 -8.747 318.6 0 -0.003157
-8.36 -8.813 318.6 0 -0.002104
-8.285 -8.879 318.5 0 -0.001052
-8.211 -8.945 318.5 0 5.52e-07
-8.136 -9.011 318.5 0 0.001053
-8.061 -9.078 318.6 0 0.002103
-7.986 -9.144 318.6 0 0.003075
-7.911 -9.21 318.6 0 0.004046
-7.836 -9.276 318.6 0 0.005018
-7.761 -9.342 318.6 0 0.00599
-7.686 -9.408 318.7 0 0.006962
-7.61 -9.474 318.7 0 0.007933
-7.535 -9.54 318.8 0 0.008905
-7.46 -9.606 318.8 0 0.009877
-7.385 -9.672 318.9 0 0.01085
-7.309 -9.738 318.9 0 0.01182
-7.234 -9.803 319 0 0.01277
-7.158 -9.869 319.1 0 0.01372
-7.083 -9.934 319.2 0 0.01467
-7.007 -9.999 319.3 0 0.01562
-6.931 -10.06 319.4 0 0.01657
-6.855 -10.13 319.5 0 0.01752
-6.779 -10.19 319.6 0 0.01847
-6.703 -10.26 319.7 0 0.01942
-6.627 -10.32 319.8 0 0.02037
-6.55 -10.39 319.9 0 0.02131
-6.474 -10.45 320 0 0.0223
-6.397 -10.52 320.2 0 0.02329
-6.32 -10.58 320.3 0 0.02428
-6.243 -10.64 320.4 0 0.02527
-6.166 -10.71 320.6 0 0.02626
-6.089 -10.77 320.7 0 0.02725
-6.011 -10.84 320.9 0 0.02824
-5.933 -10.9 321.1 0 0.02923
-5.856 -10.96 321.2 0 0.03022
-5.778 -11.02 321.4 0 0.03121
-5.699 -11.09 321.6 0 0.03226
-5.621 -11.15 321.8 0 0.03333
-5.542 -11.21 322 0 0.03441
-5.463 -11.27 322.2 0 0.03548
-5.384 -11.33 322.4 0 0.03655
-5.305 -11.39 322.6 0 0.03762
-5.225 -11.45 322.8 0 0.0387
-5.146 -11.51 323 0 0.03977
-5.066 -11.57 323.3 0 0.04084
-4.985 -11.63 323.5 0 0.04192
-4.905 -11.69 323.7 0 0.04305
-4.824 -11.75 324 0 0.04422
-4.743 -11.81 324.2 0 0.04538
-4.662 -11.87 324.5 0 0.04654
-4.58 -11.93 324.8 0 0.04771
-4.498 -11.98 325.1 0 0.04888
-4.416 -12.04 325.3 0 0.05005
-4.334 -12.1 325.6 0 0.05122
-4.251 -12.15 325.9 0 0.05238
-4.168 -12.21 326.2 0 0.05355
-4.085 -12.27 326.5 0 0.05476
-4.001 -12.32 326.9 0 0.05599
-3.917 -12.37 327.2 0 0.05722
-3.833 -12.43 327.5 0 0.05845
-3.749 -12.48 327.9 0 0.05968
-3.664 -12.53 328.2 0 0.06092
-3.579 -12.59 328.6 0 0.06216
-3.493 -12.64 328.9 0 0.0634
-3.407 -12.69 329.3 0 0.06464
-3.321 -12.74 329.7 0 0.06588
-3.235 -12.79 330 0 0.06711
-3.148 -12.84 330.4 0 0.06833
-3.061 -12.89 330.8 0 0.06956
-2.973 -12.94 331.2 0 0.07079
-2.885 -12.99 331.6 0 0.07203
-2.797 -13.03 332 0 0.07327
-2.709 -13.08 332.5 0 0.07452
-2.62 -13.13 332.9 0 0.07577
-2.53 -13.17 333.3 0 0.07702
-2.441 -13.22 333.8 0 0.07827
-2.351 -13.26 334.2 0 0.07944
-2.261 -13.3 334.7 0 0.08057
-2.17 -13.35 335.2 0 0.0817
-2.079 -13.39 335.6 0 0.08285
-1.988 -13.43 336.1 0 0.084
-1.896 -13.47 336.6 0 0.08516
-1.804 -13.51 337.1 0 0.08632
-1.712 -13.55 337.6 0 0.08749
-1.619 -13.58 338.1 0 0.08866
-1.526 -13.62 338.6 0 0.08983
-1.433 -13.66 339.1 0 0.09084
-1.34 -13.69 339.6 0 0.09178
-1.246 -13.73 340.2 0 0.09272
-1.151 -13.76 340.7 0 0.09368
-1.057 -13.79 341.2 0 0.09465
-0.9619 -13.82 341.8 0 0.09563
-0.8667 -13.86 342.3 0 0.09662
-0.7712 -13.88 342.9 0 0.09761
-0.6755 -13.91 343.5 0 0.09861
-0.5794 -13.94 344 0 0.09962
-0.4831 -13.97 344.6 0 0.1004
-0.3866 -14 345.2 0 0.1011
-0.2897 -14.02 345.8 0 0.1018
-0.1926 -14.04 346.3 0 0.1025
-0.09529 -14.07 346.9 0 0.1032
0.002281 -14.09 347.5 0 0.1039
0.1001 -14.11 348.1 0 0.1047
0.1981 -14.13 348.7 0 0.1054
0.2963 -14.15 349.3 0 0.1062
0.3947 -14.17 349.9 0 0.107
0.4933 -14.18 350.6 0 0.1074
0.5921 -14.2 351.2 0 0.1078
0.691 -14.22 351.8 0 0.1083
0.7901 -14.23 352.4 0 0.1087
0.8894 -14.24 353 0 0.1092
0.9887 -14.25 353.7 0 0.1097
1.088 -14.26 354.3 0 0.1102
1.188 -14.27 354.9 0 0.1107
1.288 -14.28 355.6 0 0.1112
1.387 -14.29 356.2 0 0.1117
1.487 -14.29 356.8 0 0.1119
1.587 -14.3 357.5 0 0.1121
1.687 -14.3 358.1 0 0.1123
1.787 -14.31 358.8 0 0.1126
1.887 -14.31 359.4 0 0.1128
1.987 -14.31 0.06866 0 0.1131
2.087 -14.31 0.7179 0 0.1134
2.187 -14.31 1.369 0 0.1137
2.287 -14.3 2.021 0 0.114
2.387 -14.3 2.676 0 0.1143
2.487 -14.29 3.331 0 0.1143
2.587 -14.29 3.987 0 0.1144
2.687 -14.28 4.643 0 0.1145
2.786 -14.27 5.299 0 0.1146
2.886 -14.26 5.956 0 0.1147
2.986 -14.25 6.614 0 0.1148
3.085 -14.24 7.272 0 0.1149
3.184 -14.22 7.931 0 0.1151
3.283 -14.21 8.592 0 0.1152
3.382 -14.19 9.253 0 0.1154
3.481 -14.18 9.914 0 0.1153
3.579 -14.16 10.57 0 0.1153
3.677 -14.14 11.24 0 0.1152
3.775 -14.12 11.9 0 0.1152
3.873 -14.1 12.56 0 0.1153
3.971 -14.08 13.22 0 0.1153
4.068 -14.05 13.88 0 0.1153
4.165 -14.03 14.54 0 0.1154
4.262 -14 15.2 0 0.1154
4.358 -13.98 15.86 0 0.1155
4.454 -13.95 16.52 0 0.1153
4.55 -13.92 17.19 0 0.1152
4.645 -13.89 17.85 0 0.1151
4.74 -13.86 18.51 0 0.115
4.835 -13.83 19.16 0 0.115
4.929 -13.79 19.82 0 0.1149
5.023 -13.76 20.48 0 0.1149
5.117 -13.72 21.14 0 0.1148
5.21 -13.69 21.8 0 0.1148
5.303 -13.65 22.46 0 0.1147
5.395 -13.61 23.11 0 0.1145
5.487 -13.57 23.77 0 0.1143
5.578 -13.53 24.42 0 0.1141
5.669 -13.49 25.08 0 0.1139
5.759 -13.45 25.73 0 0.1137
5.849 -13.4 26.38 0 0.1136
5.938 -13.36 27.03 0 0.1134
6.027 -13.31 27.68 0 0.1133
6.116 -13.26 28.33 0 0.1132
6.203 -13.22 28.98 0 0.113
6.291 -13.17 29.63 0 0.1126
6.377 -13.12 30.27 0 0.1122
6.463 -13.07 30.91 0 0.1119
6.549 -13.01 31.55 0 0.1116
6.634 -12.96 32.19 0 0.1113
6.718 -12.91 32.83 0 0.111
6.802 -12.85 33.46 0 0.1107
6.885 -12.8 34.1 0 0.1104
6.968 -12.74 34.73 0 0.1102
7.05 -12.68 35.36 0 0.1098
7.131 -12.62 35.99 0 0.1092
7.212 -12.57 36.61 0 0.1087
7.292 -12.5 37.24 0 0.1082
7.371 -12.44 37.85 0 0.1077
7.45 -12.38 38.47 0 0.1073
7.528 -12.32 39.08 0 0.1068
7.605 -12.26 39.7 0 0.1064
7.682 -12.19 40.3 0 0.1059
7.757 -12.13 40.91 0 0.1055
7.833 -12.06 41.51 0 0.1049
7.907 -11.99 42.11 0 0.1042
7.981 -11.93 42.71 0 0.1036
8.054 -11.86 43.3 0 0.1029
8.127 -11.79 43.89 0 0.1023
8.199 -11.72 44.47 0 0.1016
8.27 -11.65 45.05 0 0.101
8.34 -11.58 45.63 0 0.1004
8.409 -11.51 46.2 0 0.09979
8.478 -11.43 46.77 0 0.0992
8.547 -11.36 47.34 0 0.09846
8.614 -11.29 47.9 0 0.09768
8.681 -11.21 48.46 0 0.09691
8.747 -11.14 49.01 0 0.09614
8.812 -11.06 49.56 0 0.09538
8.876 -10.98 50.11 0 0.09463
8.94 -10.91 50.65 0 0.09389
9.003 -10.83 51.18 0 0.09315
9.066 -10.75 51.72 0 0.09243
9.127 -10.67 52.24 0 0.09172
9.188 -10.59 52.77 0 0.09092
9.248 -10.51 53.29 0 0.0901
9.308 -10.43 53.8 0 0.08928
9.366 -10.35 54.31 0 0.08847
9.424 -10.27 54.81 0 0.08766
9.482 -10.19 55.31 0 0.08686
9.538 -10.11 55.81 0 0.08607
9.594 -10.02 56.3 0 0.08529
9.649 -9.939 56.79 0 0.08451
9.704 -9.856 57.27 0 0.08375
9.757 -9.771 57.75 0 0.08295
9.81 -9.686 58.22 0 0.08215
9.863 -9.601 58.69 0 0.08136
9.914 -9.515 59.15 0 0.08056
9.965 -9.429 59.61 0 0.07978
10.02 -9.343 60.07 0 0.079
10.07 -9.256 60.52 0 0.07822
10.11 -9.169 60.96 0 0.07745
10.16 -9.081 61.4 0 0.07668
10.21 -8.993 61.84 0 0.07593
10.26 -8.905 62.28 0 0.07518
10.3 -8.816 62.7 0 0.07444
10.35 -8.727 63.13 0 0.0737
10.39 -8.638 63.55 0 0.07296
10.44 -8.548 63.96 0 0.07222
10.48 -8.458 64.38 0 0.07149
10.52 -8.367 64.78 0 0.07077
10.57 -8.277 65.19 0 0.07004
10.61 -8.186 65.59 0 0.06933
10.65 -8.095 65.98 0 0.06861
10.69 -8.003 66.37 0 0.06791
10.73 -7.911 66.76 0 0.06722
10.77 -7.819 67.14 0 0.06653
10.81 -7.727 67.52 0 0.06584
10.84 -7.635 67.9 0 0.06515
10.88 -7.542 68.27 0 0.06447
10.92 -7.449 68.64 0 0.06379
10.96 -7.355 69 0 0.06311
10.99 -7.262 69.36 0 0.06243
11.03 -7.168 69.72 0 0.06176
11.06 -7.074 70.07 0 0.06107
11.09 -6.98 70.42 0 0.06038
11.13 -6.886 70.76 0 0.05969
11.16 -6.791 71.1 0 0.059
11.19 -6.697 71.44 0 0.05831
11.22 -6.602 71.77 0 0.05762
11.25 -6.507 72.1 0 0.05693
11.28 -6.411 72.42 0 0.05625
11.31 -6.316 72.74 0 0.05557
11.34 -6.22 73.06 0 0.05489
11.37 -6.125 73.37 0 0.05415
11.4 -6.029 73.68 0 0.05337
11.43 -5.933 73.98 0 0.0526
11.46 -5.836 74.28 0 0.05183
11.48 -5.74 74.58 0 0.05106
11.51 -5.644 74.87 0 0.05029
11.54 -5.547 75.15 0 0.04953
11.56 -5.45 75.43 0 0.04876
11.59 -5.353 75.71 0 0.048
11.61 -5.256 75.98 0 0.04724
11.63 -5.159 76.25 0 0.04637
11.66 -5.062 76.52 0 0.04544
11.68 -4.965 76.77 0 0.04451
11.7 -4.867 77.03 0 0.04358
11.73 -4.77 77.27 0 0.04265
11.75 -4.672 77.51 0 0.04172
11.77 -4.575 77.75 0 0.04079
11.79 -4.477 77.98 0 0.03986
11.81 -4.379 78.21 0 0.03894
11.83 -4.281 78.43 0 0.03801
11.85 -4.183 78.64 0 0.03697
11.87 -4.085 78.85 0 0.03582
11.89 -3.987 79.05 0 0.03467
11.91 -3.889 79.25 0 0.03353
11.93 -3.79 79.44 0 0.03238
11.95 -3.692 79.62 0 0.03123
11.96 -3.594 79.8 0 0.03009
11.98 -3.495 79.96 0 0.02894
12 -3.397 80.13 0 0.0278
12.01 -3.298 80.28 0 0.02665
12.03 -3.2 80.43 0 0.0254
12.05 -3.101 80.57 0 0.02402
12.06 -3.002 80.71 0 0.02265
12.08 -2.904 80.83 0 0.02127
12.1 -2.805 80.95 0 0.0199
12.11 -2.706 81.06 0 0.01852
12.13 -2.607 81.16 0 0.01714
12.14 -2.508 81.26 0 0.01577
12.16 -2.41 81.34 0 0.01439
12.17 -2.311 81.42 0 0.01302
12.19 -2.212 81.49 0 0.01156
12.2 -2.113 81.56 0 0.009979
12.22 -2.014 81.61 0 0.008393
12.23 -1.915 81.65 0 0.006807
12.25 -1.816 81.69 0 0.005221
12.26 -1.717 81.71 0 0.003635
12.27 -1.618 81.73 0 0.002049
12.29 -1.519 81.73 0 0.0004628
12.3 -1.42 81.73 0 -0.001123
12.32 -1.321 81.72 0 -0.002709
12.33 -1.222 81.7 0 -0.004335
12.35 -1.123 81.67 0 -0.006089
12.36 -1.024 81.63 0 -0.007844
12.38 -0.9255 81.58 0 -0.009598
12.39 -0.8266 81.52 0 -0.01135
12.41 -0.7277 81.45 0 -0.01311
12.42 -0.6288 81.37 0 -0.01486
12.44 -0.53 81.28 0 -0.01662
12.45 -0.4311 81.18 0 -0.01837
12.47 -0.3323 81.07 0 -0.02012
12.48 -0.2336 80.95 0 -0.02189
12.5 -0.1348 80.82 0 -0.02377
12.51 -0.03612 80.68 0 -0.02564
12.53 0.06254 80.53 0 -0.02751
12.55 0.1612 80.36 0 -0.02939
12.56 0.2597 80.19 0 -0.03126
12.58 0.3582 80 0 -0.03313
12.6 0.4567 79.81 0 -0.03501
12.62 0.5551 79.6 0 -0.03688
12.63 0.6534 79.39 0 -0.03876
12.65 0.7517 79.16 0 -0.04063
12.67 0.8499 78.92 0 -0.04261
12.69 0.948 78.67 0 -0.0446
12.71 1.046 78.41 0 -0.04658
12.73 1.144 78.14 0 -0.04857
12.75 1.242 77.85 0 -0.05056
12.77 1.339 77.56 0 -0.05255
12.8 1.437 77.25 0 -0.05454
12.82 1.535 76.93 0 -0.05653
12.84 1.632 76.6 0 -0.05852
12.86 1.729 76.26 0 -0.06051
12.89 1.826 75.91 0 -0.06243
12.91 1.923 75.55 0 -0.06435
12.94 2.02 75.17 0 -0.06628
12.96 2.116 74.79 0 -0.06822
12.99 2.213 74.39 0 -0.07015
13.02 2.309 73.98 0 -0.07209
13.05 2.405 73.56 0 -0.07403
13.07 2.501 73.13 0 -0.07597
13.1 2.597 72.69 0 -0.07791
13.13 2.692 72.24 0 -0.07987
13.16 2.787 71.78 0 -0.08215
13.2 2.882 71.3 0 -0.08443
13.23 2.977 70.81 0 -0.08674
13.26 3.071 70.31 0 -0.08905
13.3 3.165 69.79 0 -0.09139
13.33 3.259 69.26 0 -0.09373
13.37 3.352 68.71 0 -0.09608
13.4 3.445 68.16 0 -0.09845
13.44 3.538 67.59 0 -0.1008
13.48 3.63 67 0 -0.1028
13.52 3.722 66.41 0 -0.1033
13.56 3.813 65.82 0 -0.1039
13.6 3.904 65.22 0 -0.1045
13.64 3.995 64.62 0 -0.1051
13.69 4.085 64.02 0 -0.1056
13.73 4.175 63.41 0 -0.1062
13.78 4.264 62.8 0 -0.1067
13.82 4.353 62.18 0 -0.1073
13.87 4.441 61.57 0 -0.1078
13.92 4.529 60.94 0 -0.1106
13.97 4.616 60.29 0 -0.1166
14.02 4.703 59.61 0 -0.1227
14.07 4.789 58.88 0 -0.129
14.12 4.874 58.13 0 -0.1352
14.18 4.959 57.33 0 -0.1416
14.23 5.043 56.5 0 -0.148
14.29 5.126 55.64 0 -0.1545
14.34 5.208 54.73 0 -0.1611
14.4 5.289 53.79 0 -0.1676
14.46 5.369 52.83 0 -0.1612
14.52 5.448 51.96 0 -0.1441
14.58 5.527 51.18 0 -0.127
14.65 5.604 50.5 0 -0.1098
14.71 5.681 49.92 0 -0.09264
14.78 5.757 49.44 0 -0.07553
14.84 5.833 49.06 0 -0.05846
14.91 5.908 48.77 0 -0.04144
14.97 5.984 48.58 0 -0.02446
15.04 6.059 48.49 0 -0.007499
15.07 6.092 48.48 0 -2.989e-17
15.92 6.916 47.3 1 0
15.85 6.843 47.28 1 -0.00739
15.78 6.769 47.22 1 -0.01478
15.72 6.696 47.11 1 -0.02216
15.65 6.623 46.96 1 -0.02953
15.58 6.55 46.77 1 -0.03689
15.51 6.477 46.54 1 -0.04423
15.44 6.405 46.27 1 -0.05154
15.37 6.333 45.95 1 -0.05909
15.3 6.261 45.59 1 -0.06708
15.23 6.19 45.18 1 -0.0751
15.16 6.119 44.73 1 -0.08317
15.09 6.049 44.23 1 -0.09129
15.02 5.979 43.68 1 -0.09946
14.94 5.91 43.08 1 -0.1077
14.87 5.842 42.44 1 -0.116
14.8 5.775 41.75 1 -0.1243
14.72 5.709 41.02 1 -0.1326
14.65 5.644 40.23 1 -0.141
14.57 5.58 39.4 1 -0.1494
14.49 5.517 38.52 1 -0.1574
14.41 5.456 37.67 1 -0.1413
14.33 5.395 36.91 1 -0.1253
14.25 5.336 36.24 1 -0.1091
14.17 5.277 35.66 1 -0.09305
14.09 5.219 35.17 1 -0.07698
14.01 5.162 34.77 1 -0.06096
13.93 5.105 34.47 1 -0.04498
13.84 5.048 34.26 1 -0.02904
13.76 4.992 34.14 1 -0.01312
13.69 4.946 34.11 1 0
