-5.648 -8.007 348.9 0 0
-4.666 -8.199 348.9 0 -3.543e-05
-3.685 -8.391 348.9 0 -7.086e-05
-2.703 -8.583 348.9 0 0.0001063
-1.722 -8.774 348.9 0 0.0002834
-0.7405 -8.966 348.9 0 -0.0003897
0.2409 -9.158 348.9 0 -0.001063
1.222 -9.351 348.9 0 0.001453
2.204 -9.542 349.1 0 0.003967
3.186 -9.731 349 0 -0.00542
4.167 -9.925 348.4 0 -0.01482
5.146 -10.13 348.6 0 0.02024
6.129 -10.31 350.8 0 0.05502
7.123 -10.44 354.9 0 0.08954
8.123 -10.48 1.064 0 0.1251
9.12 -10.4 7.931 0 0.1145
10.1 -10.2 14.26 0 0.1064
11.06 -9.904 20.43 0 0.1083
11.98 -9.503 26.72 0 0.1111
12.85 -9.004 33.05 0 0.1098
13.65 -8.413 39.36 0 0.11
14.39 -7.736 45.65 0 0.1095
15.05 -6.982 51.95 0 0.1102
15.63 -6.161 58.26 0 0.1095
16.1 -5.282 64.56 0 0.1102
16.48 -4.355 70.86 0 0.1095
16.76 -3.392 77.16 0 0.1102
16.93 -2.405 83.46 0 0.1095
16.99 -1.405 89.77 0 0.1102
16.94 -0.4051 96.07 0 0.1095
16.78 0.5835 102.4 0 0.1101
16.51 1.548 108.7 0 0.1096
16.14 2.478 115 0 0.1102
15.66 3.362 121.3 0 0.1095
15.1 4.188 127.6 0 0.1101
14.44 4.947 133.9 0 0.1097
13.71 5.629 140.2 0 0.1102
12.91 6.228 146.5 0 0.1093
12.04 6.734 152.8 0 0.1101
11.13 7.141 159.1 0 0.1099
10.18 7.447 165.4 0 0.1099
9.201 7.646 171.7 0 0.1099
8.205 7.737 176.9 0 -0.118
7.212 7.846 170.6 0 -0.1099
6.236 8.063 164.3 0 -0.1099
5.291 8.386 158 0 -0.1099
4.386 8.811 152.2 0 -0.03184
3.506 9.287 151.3 0 -0.0004371
3.494 9.293 151.3 0 -7.751e-18
4.374 8.818 151.8 1 0
5.231 8.305 146 1 -0.1097
5.648 8.007 143.1 1 -1.109e-17
