1.546 -20.06 116.1 0 2.646e-05
1.107 -19.16 116.1 0 2.646e-05
0.6666 -18.26 116.1 0 0.001725
0.2251 -17.37 116.2 0 0.001497
-0.2178 -16.47 116.2 0 -0.003138
-0.6578 -15.57 115.7 0 -0.01385
-1.085 -14.67 114.5 0 -0.03
-1.485 -13.75 112.5 0 -0.03763
-1.85 -12.82 110.5 0 -0.03138
-2.186 -11.88 108.9 0 -0.02545
-2.498 -10.93 107.6 0 -0.02115
-2.79 -9.973 106.6 0 -0.01281
-3.07 -9.011 105.9 0 -0.01066
-3.34 -8.047 104.7 0 -0.03062
-3.58 -7.076 102.2 0 -0.05993
-3.76 -6.095 98.25 0 -0.07685
-3.865 -5.109 93.82 0 -0.07941
-3.892 -4.125 89.66 0 -0.0678
-3.854 -3.149 86.58 0 -0.04123
-3.775 -2.164 85.01 0 -0.01475
-3.681 -1.173 84.54 0 -0.00174
-3.585 -0.1774 84.55 0 0.002032
-3.491 0.8191 84.66 0 0.001924
-3.399 1.815 84.75 0 0.0009757
-3.308 2.812 84.78 0 0.0002883
-3.217 3.808 84.79 0 -8.578e-06
-3.126 4.803 84.79 0 -7.147e-05
-3.035 5.799 84.79 0 -5.06e-05
-2.944 6.795 84.78 0 -2.159e-05
-2.854 7.791 84.78 0 -1.189e-05
-2.763 8.787 84.78 0 -2.823e-05
-2.672 9.783 84.78 0 -6.168e-05
-2.581 10.78 84.78 0 -7.289e-05
-2.489 11.78 84.77 0 3.848e-05
-2.398 12.77 84.79 0 0.0004518
-2.308 13.76 84.84 0 0.001297
-2.219 14.75 84.94 0 0.002154
-2.133 15.74 85.02 0 0.0007332
-2.046 16.74 84.78 0 -0.008572
-1.946 17.79 83.49 0 -0.03165
-1.797 18.93 80.03 0 -0.07546
-1.546 20.06 74.88 0 -0.07546
