23.1 -57.84 107 0 0.01276
22.8 -56.88 107.7 0 0.01276
22.5 -55.93 108.4 0 0.01181
22.18 -54.98 109 0 0.01093
21.86 -54.04 109.6 0 0.01012
21.52 -53.09 110.2 0 0.009365
21.18 -52.16 110.7 0 0.008669
20.82 -51.22 111.1 0 0.008026
20.46 -50.29 111.5 0 0.00743
20.1 -49.36 111.9 0 0.006879
19.72 -48.43 112.3 0 0.00637
19.34 -47.5 112.6 0 0.005898
18.96 -46.58 113 0 0.005462
18.57 -45.66 113.2 0 0.005058
18.17 -44.74 113.5 0 0.004685
17.77 -43.82 113.8 0 0.004339
17.37 -42.9 114 0 0.004019
16.96 -41.99 114.2 0 0.003723
16.55 -41.08 114.4 0 0.003449
16.14 -40.16 114.6 0 0.003195
15.72 -39.26 114.8 0 0.002959
15.3 -38.35 114.9 0 0.002741
14.88 -37.44 115.1 0 0.002539
14.46 -36.54 115.2 0 0.002352
14.03 -35.63 115.3 0 0.002178
13.61 -34.73 115.4 0 0.002016
13.18 -33.83 115.5 0 0.001866
12.75 -32.93 115.6 0 0.001726
12.32 -32.03 115.7 0 0.001596
11.89 -31.14 115.8 0 0.001475
11.45 -30.24 115.9 0 0.001362
11.02 -29.35 116 0 0.001256
10.58 -28.45 116 0 0.001157
10.15 -27.56 116.1 0 0.001065
9.712 -26.67 116.1 0 0.000978
9.275 -25.78 116.2 0 0.0008963
8.837 -24.89 116.2 0 0.0008194
8.399 -24 116.3 0 0.0007468
7.961 -23.12 116.3 0 0.0006781
7.521 -22.23 116.4 0 0.000613
7.082 -21.34 116.4 0 0.000551
6.642 -20.45 116.4 0 0.000492
6.201 -19.57 116.4 0 0.0004356
5.76 -18.68 116.5 0 0.0003815
5.318 -17.79 116.5 0 0.0003295
4.876 -16.9 116.5 0 0.0002794
4.433 -16.02 116.5 0 0.0002308
3.989 -15.13 116.5 0 0.0001837
3.545 -14.24 116.5 0 0.0001377
3.1 -13.35 116.5 0 9.277e-05
2.654 -12.45 116.5 0 4.864e-05
2.208 -11.56 116.5 0 5.133e-06
1.761 -10.66 116.5 0 -3.792e-05
1.312 -9.766 116.5 0 -8.07e-05
0.8632 -8.867 116.5 0 -0.0001234
0.4132 -7.965 116.5 0 -0.0001662
-0.03769 -7.061 116.5 0 -0.0002092
-0.4894 -6.156 116.5 0 -0.0002527
-0.942 -5.247 116.5 0 -0.0002968
-1.395 -4.337 116.5 0 -0.0003418
-1.85 -3.424 116.4 0 -0.0003878
-2.304 -2.509 116.4 0 -0.000435
-2.76 -1.592 116.4 0 -0.0004838
-3.216 -0.6726 116.3 0 -0.0005342
-3.672 0.2486 116.3 0 -0.0005865
-4.128 1.171 116.3 0 -0.0006411
-4.584 2.096 116.2 0 -0.0006981
-5.04 3.021 116.2 0 -0.0007577
-5.496 3.947 116.1 0 -0.0008204
-5.951 4.874 116.1 0 -0.0008862
-6.404 5.801 116 0 -0.0009555
-6.856 6.727 116 0 -0.001028
-7.307 7.652 115.9 0 -0.001105
-7.755 8.575 115.8 0 -0.001187
-8.201 9.496 115.8 0 -0.001272
-8.644 10.41 115.7 0 -0.001362
-9.084 11.33 115.6 0 -0.001457
-9.52 12.24 115.5 0 -0.001557
-9.952 13.14 115.4 0 -0.001662
-10.38 14.05 115.3 0 -0.001772
-10.8 14.94 115.2 0 -0.001887
-11.22 15.83 115.1 0 -0.002006
-11.63 16.71 115 0 -0.002131
-12.04 17.58 114.8 0 -0.002261
-12.44 18.44 114.7 0 -0.002396
-12.83 19.3 114.6 0 -0.002536
-13.22 20.15 114.4 0 -0.00268
-13.6 20.98 114.3 0 -0.00283
-13.97 21.81 114.1 0 -0.002984
-14.34 22.63 114 0 -0.003143
-14.7 23.44 113.8 0 -0.003308
-15.05 24.24 113.6 0 -0.003479
-15.4 25.03 113.5 0 -0.003656
-15.74 25.81 113.3 0 -0.003841
-16.07 26.59 113.1 0 -0.004034
-16.4 27.35 112.9 0 -0.004238
-16.72 28.12 112.7 0 -0.004454
-17.04 28.87 112.4 0 -0.004684
-17.35 29.63 112.2 0 -0.004931
-17.66 30.38 112 0 -0.005199
-17.96 31.13 111.7 0 -0.005492
-18.26 31.89 111.4 0 -0.005814
-18.56 32.65 111.2 0 -0.00617
-18.85 33.41 110.8 0 -0.006567
-19.15 34.18 110.5 0 -0.007013
-19.44 34.96 110.2 0 -0.007516
-19.73 35.76 109.8 0 -0.008086
-20.02 36.57 109.3 0 -0.008736
-20.32 37.4 108.8 0 -0.00948
-20.61 38.25 108.3 0 -0.01034
-20.9 39.13 107.7 0 -0.01132
-21.18 40.04 107 0 -0.01247
-21.47 40.97 106.2 0 -0.0138
-21.76 41.95 105.3 0 -0.01535
-22.03 42.96 104.2 0 -0.01718
-22.3 44.02 103 0 -0.01933
-22.56 45.13 101.6 0 -0.02189
-22.79 46.28 99.84 0 -0.02494
-23 47.5 97.77 0 -0.02859
-23.18 48.77 95.29 0 -0.03301
-23.3 50.11 92.27 0 -0.03837
-23.36 51.51 88.59 0 -0.04469
-23.32 52.98 86.21 0 -0.02761
-23.22 54.52 86.34 0 0.00144
-23.12 56.13 89.37 0 0.03182
-23.1 57.84 89.37 0 0.03182
