-20.01 56 0 0 0.001363
-19.67 55.06 0.07625 0 0.001356
-19.32 54.13 0.1521 0 0.001348
-18.97 53.19 0.2263 0 0.001339
-18.62 52.25 0.3019 0 0.001329
-18.27 51.32 0.3802 0 0.001319
-17.92 50.38 0.4614 0 0.00131
-17.57 49.44 0.5447 0 0.0013
-17.21 48.51 0.6287 0 0.00129
-16.86 47.57 0.7128 0 0.001278
-16.5 46.64 0.7959 0 0.001263
-16.14 45.71 0.8768 0 0.001243
-15.78 44.77 0.9542 0 0.001215
-15.42 43.84 1.027 0 0.001176
-15.06 42.91 1.092 0 0.001124
-14.7 41.98 1.15 0 0.001054
-14.34 41.04 1.197 0 0.0009629
-13.97 40.11 1.232 0 0.0008455
-13.61 39.18 1.254 0 0.000698
-13.24 38.25 1.261 0 0.0005163
-12.87 37.32 1.252 0 0.0002966
-12.5 36.39 1.227 0 3.555e-05
-12.13 35.46 1.183 0 -0.0002696
-11.77 34.53 1.122 0 -0.0006207
-11.4 33.6 1.043 0 -0.001019
-11.03 32.67 0.945 0 -0.001463
-10.66 31.74 0.8296 0 -0.001953
-10.3 30.8 0.6974 0 -0.002485
-9.934 29.87 0.5489 0 -0.003054
-9.573 28.93 0.385 0 -0.003656
-9.215 28 0.2067 0 -0.004283
-8.861 27.06 0.01568 0 -0.004928
-8.511 26.13 -0.1863 0 -0.00558
-8.167 25.19 -0.3975 0 -0.006231
-7.828 24.25 -0.6163 0 -0.00687
-7.496 23.31 -0.84 0 -0.007487
-7.172 22.37 -1.066 0 -0.008071
-6.854 21.43 -1.293 0 -0.008611
-6.546 20.49 -1.517 0 -0.009097
-6.245 19.54 -1.737 0 -0.009521
-5.954 18.59 -1.95 0 -0.009871
-5.671 17.64 -2.155 0 -0.01014
-5.398 16.69 -2.349 0 -0.01032
-5.134 15.73 -2.532 0 -0.01039
-4.88 14.76 -2.703 0 -0.01035
-4.634 13.79 -2.86 0 -0.01019
-4.398 12.81 -3.001 0 -0.009899
-4.17 11.83 -3.125 0 -0.009457
-3.951 10.83 -3.229 0 -0.008857
-3.74 9.829 -3.309 0 -0.008088
-3.536 8.818 -3.358 0 -0.007141
-3.34 7.798 -3.371 0 -0.006009
-3.15 6.771 -3.338 0 -0.004692
-2.965 5.739 -3.251 0 -0.003194
-2.785 4.703 -3.1 0 -0.001526
-2.608 3.667 -2.876 0 0.0002913
-2.432 2.633 -2.571 0 0.00223
-2.258 1.605 -2.179 0 0.004254
-2.082 0.5873 -1.699 0 0.006317
-1.904 -0.4157 -1.131 0 0.008369
-1.723 -1.399 -0.4821 0 0.01035
-1.537 -2.359 0.2366 0 0.01221
-1.347 -3.291 1.01 0 0.01389
-1.153 -4.189 1.817 0 0.01534
-0.9546 -5.051 2.636 0 0.01652
-0.7537 -5.871 3.442 0 0.01739
-0.5518 -6.649 4.209 0 0.01795
-0.3506 -7.38 4.913 0 0.01818
-0.1523 -8.063 5.532 0 0.01811
0.04102 -8.698 6.045 0 0.01775
0.2275 -9.284 6.436 0 0.01715
0.4053 -9.821 6.689 0 0.01635
0.5733 -10.31 6.794 0 0.01539
0.7303 -10.76 6.742 0 0.01434
0.8759 -11.16 6.525 0 0.01324
1.01 -11.52 6.139 0 0.01213
1.133 -11.84 5.582 0 0.01106
1.246 -12.13 4.855 0 0.01007
1.348 -12.39 3.97 0 0.009166
1.442 -12.63 2.945 0 0.008374
1.529 -12.85 1.815 0 0.007699
1.609 -13.04 0.6291 0 0.007143
1.685 -13.23 -0.5491 0 0.006701
1.756 -13.4 -1.649 0 0.006363
1.824 -13.56 -2.604 0 0.006116
1.89 -13.72 -3.364 0 0.005949
1.955 -13.88 -3.9 0 0.005847
2.019 -14.04 -4.21 0 0.005796
2.083 -14.19 -4.313 0 0.005784
2.148 -14.35 -4.244 0 0.0058
2.214 -14.51 -4.045 0 0.005834
2.281 -14.68 -3.754 0 0.005877
2.349 -14.84 -3.41 0 0.005924
2.418 -15.01 -3.041 0 0.005968
2.489 -15.19 -2.669 0 0.006006
2.562 -15.36 -2.311 0 0.006035
2.636 -15.54 -1.976 0 0.006052
2.711 -15.72 -1.671 0 0.006058
2.787 -15.9 -1.399 0 0.006053
2.864 -16.08 -1.161 0 0.006036
2.942 -16.27 -0.9559 0 0.006008
3.021 -16.45 -0.7817 0 0.005972
3.1 -16.64 -0.6344 0 0.005928
3.179 -16.83 -0.5122 0 0.005878
3.259 -17.01 -0.4113 0 0.005824
3.339 -17.2 -0.3273 0 0.005766
3.419 -17.38 -0.2572 0 0.005705
3.5 -17.57 -0.1979 0 0.005644
3.58 -17.75 -0.1465 0 0.005582
3.661 -17.94 -0.1001 0 0.00552
3.741 -18.12 -0.05686 0 0.005459
3.822 -18.31 -0.01492 0 0.0054
3.903 -18.49 0.0281 0 0.005341
3.984 -18.67 0.07188 0 0.005283
4.065 -18.86 0.1176 0 0.005227
4.146 -19.04 0.1643 0 0.005172
4.227 -19.22 0.2142 0 0.005118
4.309 -19.4 0.2657 0 0.005064
4.391 -19.59 0.3186 0 0.005012
4.472 -19.77 0.3726 0 0.004959
4.554 -19.95 0.4277 0 0.004908
4.637 -20.13 0.4834 0 0.004856
4.719 -20.32 0.5398 0 0.004805
4.802 -20.5 0.5964 0 0.004754
4.884 -20.68 0.6522 0 0.004703
4.967 -20.86 0.7077 0 0.004652
5.05 -21.04 0.7626 0 0.004601
5.134 -21.23 0.8175 0 0.004551
5.217 -21.41 0.8715 0 0.0045
5.301 -21.59 0.9246 0 0.004449
5.385 -21.77 0.9769 0 0.004398
5.469 -21.95 1.027 0 0.004347
5.553 -22.13 1.077 0 0.004295
5.637 -22.31 1.125 0 0.004244
5.722 -22.5 1.174 0 0.004193
5.806 -22.68 1.221 0 0.004142
5.891 -22.86 1.269 0 0.004091
5.976 -23.04 1.315 0 0.00404
6.061 -23.22 1.362 0 0.003989
6.146 -23.4 1.407 0 0.003937
6.232 -23.58 1.453 0 0.003886
6.317 -23.76 1.497 0 0.003835
6.403 -23.94 1.541 0 0.003783
6.489 -24.13 1.585 0 0.003731
6.575 -24.31 1.628 0 0.003679
6.661 -24.49 1.67 0 0.003627
6.747 -24.67 1.712 0 0.003574
6.833 -24.85 1.752 0 0.003521
6.92 -25.03 1.793 0 0.003468
7.006 -25.21 1.833 0 0.003415
7.093 -25.39 1.871 0 0.003361
7.18 -25.57 1.91 0 0.003307
7.267 -25.75 1.947 0 0.003252
7.354 -25.93 1.985 0 0.003197
7.441 -26.11 2.021 0 0.003142
7.528 -26.29 2.057 0 0.003086
7.616 -26.47 2.092 0 0.003029
7.703 -26.65 2.127 0 0.002972
7.791 -26.83 2.161 0 0.002915
7.879 -27.01 2.194 0 0.002857
7.967 -27.19 2.228 0 0.002798
8.055 -27.37 2.26 0 0.002739
8.143 -27.55 2.292 0 0.002678
8.231 -27.73 2.323 0 0.002618
8.319 -27.91 2.353 0 0.002556
8.408 -28.09 2.382 0 0.002494
8.496 -28.27 2.41 0 0.00243
8.585 -28.45 2.439 0 0.002366
8.673 -28.63 2.466 0 0.002301
8.762 -28.81 2.492 0 0.002236
8.851 -28.98 2.517 0 0.002169
8.94 -29.16 2.542 0 0.002101
9.029 -29.34 2.566 0 0.002032
9.118 -29.52 2.589 0 0.001962
9.207 -29.7 2.611 0 0.001891
9.296 -29.88 2.633 0 0.001819
9.386 -30.06 2.654 0 0.001745
9.475 -30.24 2.673 0 0.001671
9.564 -30.42 2.692 0 0.001595
9.654 -30.6 2.711 0 0.001518
9.743 -30.78 2.729 0 0.00144
9.833 -30.96 2.746 0 0.00136
9.923 -31.14 2.762 0 0.001279
10.01 -31.31 2.776 0 0.001196
10.1 -31.49 2.79 0 0.001112
10.19 -31.67 2.802 0 0.001026
10.28 -31.85 2.814 0 0.0009391
10.37 -32.03 2.825 0 0.0008503
10.46 -32.21 2.835 0 0.0007599
10.55 -32.39 2.843 0 0.0006678
10.64 -32.57 2.851 0 0.000574
10.73 -32.75 2.858 0 0.0004784
10.82 -32.92 2.864 0 0.0003811
10.91 -33.1 2.867 0 0.0002819
11 -33.28 2.87 0 0.0001808
11.09 -33.46 2.872 0 7.782e-05
11.18 -33.64 2.873 0 -2.712e-05
11.27 -33.82 2.873 0 -0.0001341
11.36 -34 2.871 0 -0.000243
11.45 -34.18 2.868 0 -0.0003541
11.54 -34.36 2.865 0 -0.0004673
11.63 -34.53 2.859 0 -0.0005826
11.72 -34.71 2.853 0 -0.0007001
11.81 -34.89 2.844 0 -0.0008198
11.9 -35.07 2.834 0 -0.0009418
11.99 -35.25 2.823 0 -0.001066
12.08 -35.43 2.811 0 -0.001193
12.17 -35.61 2.797 0 -0.001322
12.26 -35.79 2.783 0 -0.001453
12.35 -35.97 2.766 0 -0.001587
12.44 -36.14 2.748 0 -0.001724
12.53 -36.32 2.729 0 -0.001863
12.62 -36.5 2.707 0 -0.002005
12.71 -36.68 2.684 0 -0.002149
12.8 -36.86 2.66 0 -0.002296
12.89 -37.04 2.634 0 -0.002446
12.98 -37.22 2.606 0 -0.002598
13.07 -37.4 2.577 0 -0.002753
13.16 -37.58 2.545 0 -0.002911
13.24 -37.76 2.512 0 -0.003072
13.33 -37.94 2.476 0 -0.003235
13.42 -38.12 2.439 0 -0.003402
13.51 -38.3 2.4 0 -0.003571
13.6 -38.48 2.359 0 -0.003744
13.69 -38.65 2.315 0 -0.003919
13.78 -38.83 2.27 0 -0.004098
13.86 -39.01 2.223 0 -0.004279
13.95 -39.19 2.174 0 -0.004464
14.04 -39.37 2.123 0 -0.004652
14.13 -39.55 2.07 0 -0.004843
14.22 -39.73 2.014 0 -0.005038
14.3 -39.91 1.956 0 -0.005235
14.39 -40.09 1.897 0 -0.005436
14.48 -40.27 1.835 0 -0.00564
14.56 -40.45 1.77 0 -0.005847
14.65 -40.64 1.704 0 -0.006058
14.74 -40.82 1.634 0 -0.006272
14.82 -41 1.563 0 -0.006489
14.91 -41.18 1.489 0 -0.00671
14.99 -41.36 1.411 0 -0.006934
15.08 -41.54 1.332 0 -0.007161
15.16 -41.72 1.248 0 -0.007393
15.25 -41.9 1.164 0 -0.007627
15.33 -42.08 1.077 0 -0.007865
15.42 -42.26 0.9855 0 -0.008106
15.5 -42.45 0.8925 0 -0.008351
15.59 -42.63 0.7965 0 -0.0086
15.67 -42.81 0.6993 0 -0.008853
15.75 -42.99 0.5986 0 -0.009109
15.84 -43.17 0.4949 0 -0.009368
15.92 -43.35 0.3876 0 -0.00963
16 -43.54 0.2766 0 -0.009897
16.08 -43.72 0.1643 0 -0.01017
16.16 -43.9 0.04804 0 -0.01044
16.24 -44.09 -0.07174 0 -0.01072
16.32 -44.27 -0.1941 0 -0.011
16.4 -44.45 -0.3217 0 -0.01128
16.48 -44.63 -0.4527 0 -0.01157
16.56 -44.82 -0.5884 0 -0.01186
16.64 -45 -0.7271 0 -0.01216
16.72 -45.19 -0.8681 0 -0.01246
16.8 -45.37 -1.012 0 -0.01276
16.88 -45.55 -1.16 0 -0.01306
16.95 -45.74 -1.308 0 -0.01337
17.03 -45.92 -1.46 0 -0.01369
17.11 -46.11 -1.614 0 -0.014
17.18 -46.29 -1.77 0 -0.01432
17.26 -46.48 -1.926 0 -0.01464
17.33 -46.67 -2.085 0 -0.01497
17.41 -46.85 -2.245 0 -0.0153
17.48 -47.04 -2.409 0 -0.01563
17.55 -47.22 -2.576 0 -0.01597
17.63 -47.41 -2.749 0 -0.0163
17.7 -47.6 -2.929 0 -0.01664
17.77 -47.78 -3.119 0 -0.01698
17.84 -47.97 -3.319 0 -0.01732
17.91 -48.16 -3.53 0 -0.01767
17.98 -48.35 -3.752 0 -0.01801
18.05 -48.53 -3.986 0 -0.01837
18.12 -48.72 -4.23 0 -0.01873
18.18 -48.91 -4.486 0 -0.01909
18.25 -49.1 -4.753 0 -0.01946
18.32 -49.29 -5.029 0 -0.01984
18.38 -49.48 -5.312 0 -0.02023
18.45 -49.67 -5.597 0 -0.02063
18.51 -49.86 -5.883 0 -0.02104
18.57 -50.05 -6.168 0 -0.02147
18.64 -50.24 -6.444 0 -0.0219
18.7 -50.43 -6.71 0 -0.02234
18.76 -50.63 -6.961 0 -0.02278
18.82 -50.82 -7.196 0 -0.02323
18.88 -51.02 -7.411 0 -0.02367
18.94 -51.21 -7.6 0 -0.02411
19 -51.41 -7.765 0 -0.02453
19.05 -51.61 -7.901 0 -0.02495
19.11 -51.8 -8.007 0 -0.02534
19.17 -52 -8.079 0 -0.0257
19.22 -52.2 -8.115 0 -0.02603
19.27 -52.39 -8.114 0 -0.02633
19.32 -52.59 -8.07 0 -0.0266
19.37 -52.79 -7.982 0 -0.02684
19.42 -52.98 -7.846 0 -0.02704
19.47 -53.18 -7.658 0 -0.02723
19.52 -53.37 -7.414 0 -0.0274
19.56 -53.56 -7.104 0 -0.02757
19.6 -53.75 -6.73 0 -0.02776
19.64 -53.95 -6.287 0 -0.02799
19.68 -54.14 -5.776 0 -0.02828
19.72 -54.33 -5.193 0 -0.02864
19.76 -54.52 -4.548 0 -0.02913
19.8 -54.71 -3.849 0 -0.02976
19.83 -54.9 -3.107 0 -0.03061
19.87 -55.1 -2.342 0 -0.0318
19.9 -55.3 -1.583 0 -0.03357
19.94 -55.52 -0.8775 0 -0.03633
19.98 -55.75 -0.309 0 -0.04051
20.01 -56 0 0 -0.04051
