-20.01 56 290.2 0 3.261e-05
-19.67 55.06 290.2 0 3.261e-05
-19.32 54.13 290.2 0 5.336e-05
-18.98 53.19 290.2 0 1.949e-05
-18.63 52.25 290.2 0 -3.654e-05
-18.29 51.31 290.2 0 -9.772e-05
-17.94 50.37 290.2 0 -0.000144
-17.59 49.43 290.2 0 -0.0001673
-17.25 48.5 290.2 0 -0.0001768
-16.9 47.56 290.2 0 -0.0001728
-16.56 46.62 290.2 0 -0.0001499
-16.21 45.68 290.2 0 -0.0001073
-15.87 44.74 290.2 0 -4.9e-05
-15.52 43.8 290.2 0 2.912e-05
-15.18 42.86 290.2 0 0.000123
-14.83 41.93 290.2 0 0.0002304
-14.49 40.99 290.2 0 0.0003479
-14.14 40.05 290.2 0 0.0004624
-13.8 39.11 290.3 0 0.0005728
-13.45 38.17 290.3 0 0.0006708
-13.1 37.24 290.3 0 0.0007464
-12.76 36.3 290.4 0 0.0007898
-12.41 35.36 290.4 0 0.0007982
-12.06 34.42 290.5 0 0.0007652
-11.71 33.48 290.5 0 0.0006829
-11.36 32.55 290.5 0 0.0005467
-11.01 31.61 290.6 0 0.0003502
-10.65 30.67 290.6 0 0.0001023
-10.3 29.73 290.6 0 -0.0001977
-9.949 28.8 290.6 0 -0.0005485
-9.598 27.86 290.5 0 -0.0009519
-9.248 26.92 290.4 0 -0.001403
-8.899 25.98 290.4 0 -0.00189
-8.553 25.05 290.2 0 -0.002404
-8.209 24.11 290.1 0 -0.002953
-7.868 23.17 289.9 0 -0.003516
-7.531 22.24 289.7 0 -0.004088
-7.199 21.3 289.4 0 -0.004663
-6.871 20.36 289.1 0 -0.005228
-6.548 19.43 288.8 0 -0.005766
-6.231 18.49 288.5 0 -0.00627
-5.919 17.55 288.1 0 -0.006719
-5.614 16.6 287.7 0 -0.007104
-5.315 15.65 287.3 0 -0.007406
-5.021 14.7 286.9 0 -0.00762
-4.734 13.74 286.4 0 -0.007737
-4.454 12.78 286 0 -0.007755
-4.179 11.81 285.6 0 -0.007675
-3.91 10.82 285.1 0 -0.007503
-3.647 9.836 284.7 0 -0.00725
-3.39 8.838 284.3 0 -0.006929
-3.138 7.832 283.9 0 -0.006556
-2.892 6.819 283.5 0 -0.006143
-2.651 5.8 283.1 0 -0.005704
-2.416 4.778 282.8 0 -0.00525
-2.186 3.753 282.5 0 -0.004792
-1.962 2.73 282.2 0 -0.004332
-1.744 1.712 282 0 -0.003874
-1.532 0.7018 281.8 0 -0.003416
-1.326 -0.2954 281.6 0 -0.002953
-1.127 -1.276 281.4 0 -0.002478
-0.9343 -2.234 281.3 0 -0.001979
-0.7491 -3.166 281.2 0 -0.001439
-0.5712 -4.068 281.1 0 -0.0008366
-0.4008 -4.935 281.1 0 -0.0001416
-0.2381 -5.763 281.1 0 0.0006843
-0.08318 -6.55 281.2 0 0.001692
0.06397 -7.292 281.3 0 0.00295
0.2034 -7.987 281.4 0 0.004549
0.3353 -8.634 281.6 0 0.006608
0.4599 -9.232 281.9 0 0.009288
0.5775 -9.782 282.3 0 0.01278
0.6886 -10.28 282.7 0 0.01734
0.7935 -10.74 283.2 0 0.02326
0.8928 -11.15 283.9 0 0.03084
0.9871 -11.52 284.7 0 0.04035
1.077 -11.86 285.6 0 0.05191
1.163 -12.15 286.6 0 0.06526
1.246 -12.42 287.8 0 0.07969
1.326 -12.66 289 0 0.09362
1.404 -12.88 290.3 0 0.1049
1.48 -13.08 291.7 0 0.1109
1.555 -13.26 292.9 0 0.1094
1.63 -13.43 294.1 0 0.09971
1.704 -13.6 295 0 0.08273
1.779 -13.75 295.7 0 0.06094
1.853 -13.91 296.2 0 0.03789
1.928 -14.06 296.5 0 0.01641
2.004 -14.21 296.5 0 -0.00121
2.08 -14.36 296.5 0 -0.01433
2.157 -14.52 296.3 0 -0.02293
2.235 -14.67 296 0 -0.02758
2.313 -14.84 295.7 0 -0.02928
2.392 -15 295.4 0 -0.02886
2.472 -15.17 295.1 0 -0.027
2.552 -15.34 294.9 0 -0.02431
2.633 -15.52 294.6 0 -0.02122
2.713 -15.69 294.4 0 -0.01803
2.795 -15.87 294.2 0 -0.01484
2.876 -16.05 294 0 -0.01185
2.957 -16.24 293.9 0 -0.009104
3.039 -16.42 293.8 0 -0.006756
3.12 -16.61 293.8 0 -0.004618
3.202 -16.79 293.7 0 -0.00282
3.283 -16.98 293.7 0 -0.00142
3.364 -17.16 293.7 0 -0.0002856
3.446 -17.35 293.7 0 0.0005827
3.527 -17.53 293.7 0 0.001195
3.608 -17.72 293.7 0 0.001563
3.689 -17.9 293.7 0 0.001764
3.77 -18.09 293.8 0 0.001814
3.851 -18.27 293.8 0 0.001656
3.932 -18.45 293.8 0 0.001527
4.013 -18.64 293.8 0 0.001295
4.094 -18.82 293.8 0 0.001154
4.174 -19 293.8 0 0.0008172
4.255 -19.18 293.9 0 0.0006167
4.336 -19.37 293.9 0 0.0004458
4.417 -19.55 293.9 0 0.0002968
4.498 -19.73 293.9 0 0.0001398
4.578 -19.92 293.9 0 4.719e-05
4.659 -20.1 293.9 0 -7.38e-05
4.74 -20.28 293.9 0 -0.0001359
4.821 -20.46 293.9 0 -0.0001182
4.902 -20.65 293.9 0 -0.0001422
4.983 -20.83 293.9 0 -0.0001371
5.064 -21.01 293.9 0 -0.000188
5.145 -21.2 293.9 0 -0.0001601
5.225 -21.38 293.9 0 -0.0001377
5.306 -21.56 293.9 0 -0.0001172
5.387 -21.74 293.9 0 3.286e-05
5.468 -21.93 293.9 0 -1.201e-06
5.549 -22.11 293.9 0 5.112e-05
5.63 -22.29 293.9 0 2.95e-05
5.711 -22.48 293.9 0 2.548e-05
5.792 -22.66 293.9 0 -1.178e-06
5.872 -22.84 293.9 0 6.053e-05
5.953 -23.02 293.9 0 -4.277e-05
6.034 -23.21 293.9 0 1.593e-05
6.115 -23.39 293.9 0 2.027e-06
6.196 -23.57 293.9 0 2.465e-05
6.277 -23.76 293.9 0 -2.766e-05
6.358 -23.94 293.9 0 -2.548e-05
6.439 -24.12 293.9 0 -4.52e-06
6.519 -24.3 293.9 0 5.268e-07
6.6 -24.49 293.9 0 -3.002e-05
6.681 -24.67 293.9 0 1.694e-05
6.762 -24.85 293.9 0 -2.986e-05
6.843 -25.04 293.9 0 1.878e-05
6.924 -25.22 293.9 0 3.538e-05
7.005 -25.4 293.9 0 -1.979e-05
7.086 -25.59 293.9 0 4.008e-05
7.166 -25.77 293.9 0 8.885e-06
7.247 -25.95 293.9 0 1.375e-05
7.328 -26.13 293.9 0 2.332e-05
7.409 -26.32 293.9 0 -1.828e-05
7.49 -26.5 293.9 0 2.247e-05
7.571 -26.68 293.9 0 -2.867e-05
7.652 -26.87 293.9 0 1.391e-05
7.733 -27.05 293.9 0 -4.763e-05
7.813 -27.23 293.9 0 -3.035e-05
7.894 -27.41 293.9 0 -4.88e-05
7.975 -27.6 293.9 0 6.538e-06
8.056 -27.78 293.9 0 -4.363e-06
8.137 -27.96 293.9 0 -2.532e-05
8.218 -28.15 293.9 0 4.627e-05
8.299 -28.33 293.9 0 -2.598e-05
8.38 -28.51 293.9 0 -1.744e-05
8.46 -28.7 293.9 0 2.465e-05
8.541 -28.88 293.9 0 1.928e-05
8.622 -29.06 293.9 0 5.064e-05
8.703 -29.24 293.9 0 -1.509e-06
8.784 -29.43 293.9 0 1.207e-05
8.865 -29.61 293.9 0 2.08e-05
8.946 -29.79 293.9 0 -3.237e-05
9.027 -29.98 293.9 0 1.626e-05
9.107 -30.16 293.9 0 3.439e-05
9.188 -30.34 293.9 0 5.368e-06
9.269 -30.52 293.9 0 -1.207e-05
9.35 -30.71 293.9 0 -6.657e-05
9.431 -30.89 293.9 0 -7.711e-06
9.512 -31.07 293.9 0 -7.093e-05
9.593 -31.26 293.9 0 6.239e-05
9.674 -31.44 293.9 0 1.107e-05
9.754 -31.62 293.9 0 2.231e-05
9.835 -31.8 293.9 0 -2.548e-05
9.916 -31.99 293.9 0 -3.135e-05
9.997 -32.17 293.9 0 1.91e-05
10.08 -32.35 293.9 0 -2.527e-06
10.16 -32.54 293.9 0 3.471e-05
10.24 -32.72 293.9 0 -8.617e-05
10.32 -32.9 293.9 0 3.673e-06
10.4 -33.09 293.9 0 6.473e-05
10.48 -33.27 293.9 0 3.658e-05
10.56 -33.45 293.9 0 -1.845e-05
10.64 -33.63 293.9 0 2.851e-05
10.72 -33.82 293.9 0 -2.649e-05
10.81 -34 293.9 0 1.777e-05
10.89 -34.18 293.9 0 3.287e-05
10.97 -34.37 293.9 0 -5.031e-05
11.05 -34.55 293.9 0 1.139e-05
11.13 -34.73 293.9 0 -5.031e-05
11.21 -34.91 293.9 0 7.713e-05
11.29 -35.1 293.9 0 2.952e-05
11.37 -35.28 293.9 0 1.543e-05
11.45 -35.46 293.9 0 2.75e-05
11.53 -35.65 293.9 0 -1.208e-05
11.61 -35.83 293.9 0 -3.59e-05
11.7 -36.01 293.9 0 -1.139e-05
11.78 -36.19 293.9 0 -4.527e-05
11.86 -36.38 293.9 0 -1.171e-05
11.94 -36.56 293.9 0 4.058e-05
12.02 -36.74 293.9 0 -3.186e-05
12.1 -36.93 293.9 0 -3.02e-05
12.18 -37.11 293.9 0 3.332e-07
12.26 -37.29 293.9 0 -4.963e-05
12.34 -37.48 293.9 0 -4.357e-06
12.42 -37.66 293.9 0 3.349e-06
12.5 -37.84 293.9 0 -3.349e-06
12.59 -38.02 293.9 0 4.058e-05
12.67 -38.21 293.9 0 -1.542e-05
12.75 -38.39 293.9 0 -9.734e-06
12.83 -38.57 293.9 0 2.548e-05
12.91 -38.76 293.9 0 7.782e-05
12.99 -38.94 293.9 0 3.655e-05
13.07 -39.12 293.9 0 2.75e-05
13.15 -39.3 293.9 0 -4.83e-05
13.23 -39.49 293.9 0 -2.985e-05
13.31 -39.67 293.9 0 6.379e-06
13.39 -39.85 293.9 0 2.919e-05
13.47 -40.04 293.9 0 -4.081e-07
13.56 -40.22 293.9 0 -2.08e-05
13.64 -40.4 293.9 0 -4.058e-05
13.72 -40.58 293.9 0 -9.731e-06
13.8 -40.77 293.9 0 -4.494e-05
13.88 -40.95 293.9 0 5.064e-05
13.96 -41.13 293.9 0 -7.446e-05
14.04 -41.32 293.9 0 -2.952e-05
14.12 -41.5 293.9 0 4.829e-05
14.2 -41.68 293.9 0 1.106e-05
14.28 -41.87 293.9 0 0.0001449
14.36 -42.05 293.9 0 -8.452e-05
14.45 -42.23 293.9 0 -8.724e-06
14.53 -42.41 293.9 0 0.0001187
14.61 -42.6 293.9 0 1.644e-05
14.69 -42.78 293.9 0 2.549e-05
14.77 -42.96 293.9 0 -0.0001177
14.85 -43.15 293.9 0 -6.809e-05
14.93 -43.33 293.9 0 -6.069e-05
15.01 -43.51 293.9 0 -4.682e-06
15.09 -43.69 293.9 0 6e-05
15.17 -43.88 293.9 0 -9.457e-05
15.25 -44.06 293.9 0 -2.516e-05
15.33 -44.24 293.9 0 1.207e-05
15.42 -44.43 293.9 0 -4.425e-05
15.5 -44.61 293.9 0 0.0001415
15.58 -44.79 293.9 0 0.0001523
15.66 -44.97 293.9 0 0.0002667
15.74 -45.16 293.9 0 0.0002456
15.82 -45.34 293.9 0 0.0001479
15.9 -45.52 293.9 0 9.66e-05
15.98 -45.71 293.9 0 0.0001188
16.06 -45.89 293.9 0 -8.152e-05
16.14 -46.07 293.9 0 -0.000162
16.22 -46.26 293.9 0 -0.0001922
16.31 -46.44 293.9 0 -0.0004018
16.39 -46.62 293.8 0 -0.0007138
16.47 -46.8 293.8 0 -0.0008063
16.55 -46.99 293.8 0 -0.0009899
16.63 -47.17 293.8 0 -0.0009633
16.71 -47.35 293.8 0 -0.001122
16.79 -47.54 293.8 0 -0.0008234
16.87 -47.72 293.8 0 -0.0006118
16.95 -47.9 293.8 0 1.236e-05
17.03 -48.08 293.8 0 0.0004056
17.11 -48.27 293.8 0 0.001144
17.19 -48.45 293.8 0 0.001761
17.27 -48.63 293.8 0 0.002444
17.36 -48.82 293.9 0 0.002943
17.44 -49 293.9 0 0.003646
17.52 -49.18 294 0 0.004316
17.6 -49.36 294 0 0.004641
17.68 -49.55 294.1 0 0.004825
17.76 -49.73 294.1 0 0.004709
17.84 -49.91 294.2 0 0.004314
17.92 -50.09 294.2 0 0.003724
18.01 -50.28 294.2 0 0.002569
18.09 -50.46 294.3 0 0.001171
18.17 -50.64 294.3 0 -0.0005793
18.25 -50.83 294.3 0 -0.002404
18.34 -51.01 294.2 0 -0.00475
18.42 -51.19 294.1 0 -0.007358
18.5 -51.38 294 0 -0.009887
18.59 -51.56 293.9 0 -0.01282
18.67 -51.75 293.7 0 -0.01586
18.75 -51.94 293.5 0 -0.01918
18.83 -52.12 293.3 0 -0.02255
18.91 -52.31 293 0 -0.02617
18.99 -52.49 292.7 0 -0.0301
19.07 -52.68 292.3 0 -0.03424
19.14 -52.87 291.9 0 -0.03873
19.21 -53.05 291.4 0 -0.04363
19.29 -53.24 290.9 0 -0.04884
19.36 -53.42 290.3 0 -0.05503
19.42 -53.6 289.7 0 -0.06116
19.49 -53.79 288.9 0 -0.06766
19.55 -53.97 288.2 0 -0.07424
19.61 -54.16 287.3 0 -0.08098
19.66 -54.34 286.4 0 -0.08679
19.72 -54.53 285.4 0 -0.0918
19.77 -54.71 284.3 0 -0.09545
19.81 -54.91 283.2 0 -0.097
19.86 -55.1 282.1 0 -0.09577
19.9 -55.31 281 0 -0.09038
19.94 -55.52 279.9 0 -0.07899
19.98 -55.75 279 0 -0.06146
20.01 -56 278 0 -0.06146
