-4.971 -9.119 358.2 0 0
-3.972 -9.159 356.7 0 -0.05289
-2.976 -9.254 351.8 0 -0.1178
-1.997 -9.457 344.6 0 -0.1356
-1.046 -9.767 340.7 0 0.001168
-0.09514 -10.08 344.5 0 0.1317
0.8841 -10.28 352.1 0 0.1317
1.877 -10.37 355.8 0 2.522e-19
0.8772 -10.39 5.81 1 0
-0.115 -10.51 9.822 1 0.1401
-1.088 -10.74 16.66 1 0.09917
-2.029 -11.08 23.03 1 0.1229
-2.928 -11.52 28.49 1 0.06777
-3.801 -12.01 28.55 1 -0.0655
-4.7 -12.45 22.77 1 -0.1363
-5.641 -12.78 17.49 1 -0.04816
-6.597 -13.07 16.12 1 0
-5.638 -12.78 17.02 0 0
-4.68 -12.5 15.7 0 -0.04613
-3.707 -12.27 10.22 0 -0.1453
-2.715 -12.14 5.147 0 -0.03213
-1.717 -12.07 2.619 0 -0.05602
-0.7175 -12.06 358.9 0 -0.07316
0.2817 -12.1 357.4 0 0.0196
1.281 -12.14 357.8 0 -0.005259
2.28 -12.18 357.7 0 0.001433
3.279 -12.22 357.7 0 -0.0004712
4.279 -12.26 357.7 0 0.0004521
5.278 -12.3 357.7 0 -0.001337
6.277 -12.34 357.8 0 0.004897
7.276 -12.38 357.4 0 -0.01825
8.275 -12.42 358.9 0 0.06859
9.275 -12.4 2.921 0 0.07337
10.27 -12.33 4.061 0 -0.03321
11.27 -12.26 4.833 0 0.06004
12.26 -12.14 10.09 0 0.1232
13.24 -11.9 16.65 0 0.1063
14.18 -11.57 22.87 0 0.1108
15.07 -11.13 29.18 0 0.1096
15.92 -10.59 35.47 0 0.1099
16.7 -9.968 41.77 0 0.1099
17.41 -9.262 48.06 0 0.1099
18.04 -8.483 54.35 0 0.1099
18.57 -7.64 60.64 0 0.1099
19.02 -6.743 66.93 0 0.1099
19.36 -5.802 73.23 0 0.1099
19.59 -4.831 79.52 0 0.1099
19.72 -3.839 85.81 0 0.1099
19.74 -2.839 92.1 0 0.1099
19.65 -1.843 98.39 0 0.1098
19.45 -0.8633 104.7 0 0.1099
19.14 0.08869 111 0 0.1096
18.73 1.001 117.3 0 0.111
18.22 1.864 123.5 0 0.1057
17.63 2.665 130.1 0 0.1255
16.95 3.397 135.1 0 0.04772
16.22 4.09 136.7 0 0.01431
15.47 4.742 142.4 0 0.1076
14.64 5.307 148.7 0 0.11
13.76 5.778 155 0 0.1099
12.83 6.15 161.3 0 0.1099
11.87 6.417 167.6 0 0.1107
10.88 6.577 174.1 0 0.1287
9.89 6.694 170.4 0 -0.1057
8.915 6.913 164.2 0 -0.1097
7.969 7.238 157.9 0 -0.1099
7.066 7.665 151.6 0 -0.1099
6.214 8.188 145.3 0 -0.1099
5.425 8.802 139 0 -0.1103
4.708 9.498 132.6 0 -0.1292
4.053 10.25 130.2 0 -0.009213
3.817 10.53 130.2 0 -0
4.465 9.771 129.8 1 0
4.971 9.119 125.9 1 -8.126e-18
