0 0.00147028
0 0.00147028
0 0.00157327
0 0.00168574
0 0.00182095
0 0.0019604
0 0.00212582
0 0.00232072
0 0.00251766
0 0.00275383
0 0.00305986
0 0.00337372
0 0.00375238
0 0.00425391
0 0.00477548
0 0.00551021
0 0.00650475
0 0.00753398
0 0.00922696
0 0.0104528
0 0.0073616
0 0.00563927
0 0.00412406
0 0.00281735
0 0.00203946
0 0.00134476
0 0.00067703
0 4.78053e-05
0 -0.000576646
0 -0.00114724
0 -0.00165612
0 -0.00216148
0 -0.00266244
0 -0.00315832
0 -0.00365425
0 -0.00416456
0 -0.00469492
0 -0.00522727
0 -0.00579291
0 -0.00641689
0 -0.00704734
0 -0.00772941
0 -0.0085214
0 -0.00932844
0 -0.0102151
0 -0.0112828
0 -0.0123785
0 -0.0136305
0 -0.0151855
0 -0.0167869
0 -0.0187055
0 -0.021023
0 -0.0233901
0 -0.0265668
0 -0.0309379
0 -0.0354182
0 -0.0405115
0 -0.0472588
0 -0.0546959
0 -0.075321
0 -0.0891102
0 -0.0854483
0 -0.0826051
0 -0.0778529
0 -0.0701287
0 -0.0624313
0 -0.055996
0 -0.0506552
0 -0.0454869
0 -0.0410947
0 -0.0372088
0 -0.033431
0 -0.030404
0 -0.0278761
0 -0.0253925
0 -0.0232966
0 -0.0215428
0 -0.0198355
0 -0.0184161
0 -0.0171614
0 -0.0159227
0 -0.0148787
0 -0.0140196
0 -0.0131668
0 -0.012285
0 -0.0113854
0 -0.0105243
0 -0.0101703
0 -0.0101806
0 -0.0101481
0 -0.00825951
0 -0.00401471
0 -0.0347279
0 -0.00657537
0 -0.0131578
0 -0.0185598
0 -0.0165286
0 -0.0116285
0 -0.00733067
0 -0.00620922
0 -0.0061349
0 -0.00602979
0 -0.00557271
0 -0.00488951
0 -0.00422415
0 -0.00381336
0 -0.00357116
0 -0.00333325
0 -0.00310082
0 -0.00286984
0 -0.00264649
0 -0.00247507
0 -0.00232538
0 -0.00217691
0 -0.00204224
0 -0.00191673
0 -0.00179508
0 -0.001689
0 -0.00158704
0 -0.00148216
0 -0.00136391
0 -0.00124186
0 -0.00112212
0 -0.00102641
0 -0.000945019
0 -0.000834438
0 -0.00044567
0 9.63981e-05
0 0.000576711
0 0.000635686
0 0.000508532
0 0.000101146
0 -0.000562443
0 -0.0012134
0 -0.00141118
0 -0.00118432
0 -0.000941172
0 -0.000762314
0 -0.000762741
0 -0.000794175
0 -0.000814057
0 -0.000791698
0 -0.000760078
0 -0.000742025
0 -0.000740882
0 -0.000740804
0 -0.000741197
0 -0.000743485
0 -0.00074624
0 -0.000750835
0 -0.000759766
0 -0.00076935
0 -0.000780752
0 -0.000795297
0 -0.000810211
0 -0.000827498
0 -0.000848215
0 -0.000869289
0 -0.000893442
0 -0.000921566
0 -0.000950071
0 -0.000982225
0 -0.00101865
0 -0.0010556
0 -0.0010994
0 -0.00115025
0 -0.00120143
0 -0.00125459
0 -0.00132041
0 -0.00139122
0 -0.00146639
0 -0.00155942
0 -0.00165711
0 -0.00176355
0 -0.00188904
0 -0.00201901
0 -0.00219059
0 -0.00240196
0 -0.00261533
0 -0.00285538
0 -0.0031393
0 -0.00342976
0 -0.00389471
0 -0.00464531
0 -0.00542278
0 -0.00621966
0 -0.00708318
0 -0.00796648
0 -0.0105049
0 -0.0168837
0 -0.0236691
0 -0.0263237
0 -0.0227604
0 -0.0155221
0 -0.00786702
0 -0.00225147
0 -0.00199333
0 -0.00260727
0 -0.00303814
0 -0.00266552
0 -0.0020723
0 -0.00153089
0 -0.0013521
0 -0.00132865
0 -0.00129515
0 -0.00121128
0 -0.00111253
0 -0.00102151
0 -0.000972804
0 -0.000938526
0 -0.000904793
0 -0.000876266
0 -0.000850679
0 -0.000828837
0 -0.000817648
0 -0.00080836
0 -0.000800089
0 -0.000799017
0 -0.000801056
0 -0.000806495
0 -0.000820138
0 -0.000835001
0 -0.000851773
0 -0.000878907
0 -0.000909542
0 -0.000942213
0 -0.00099551
0 -0.00106084
0 -0.00112685
0 -0.00119989
0 -0.00127788
0 -0.00137082
0 -0.00160245
0 -0.00190973
0 -0.00216317
0 -0.00222171
0 -0.00223842
0 -0.0029083
0 -0.00524166
0 -0.00783454
0 -0.0110852
0 -0.0168365
0 -0.0230733
0 -0.0226545
0 -0.0124254
0 -0.00142302
0 0.00701724
0 0.0055716
0 0.00173143
0 -0.00122067
0 -0.000998061
0 -6.80053e-05
0 0.000546628
0 0.000369974
0 7.12111e-05
0 -0.000164652
0 -0.000175976
0 -0.000137607
0 -0.000129899
0 -0.000174547
0 -0.000224324
0 -0.000271711
0 -0.000305955
0 -0.000335676
0 -0.00036738
0 -0.000407037
0 -0.000448672
0 -0.000492156
0 -0.000541171
0 -0.000591255
0 -0.000646827
0 -0.000714147
0 -0.000782986
0 -0.000856703
0 -0.000962543
0 -0.00108141
0 -0.00120418
0 -0.00133756
0 -0.00147272
0 -0.0016822
0 -0.00213926
0 -0.00264727
0 -0.00307699
0 -0.00335431
0 -0.0036137
0 -0.00488856
0 -0.0101665
0 -0.016432
0 -0.022114
0 -0.0239222
0 -0.0180674
0 -0.0108739
0 -0.00417633
0 -0.00218959
0 -0.00284829
0 -0.00347059
0 -0.00330679
0 -0.002623
0 -0.00196396
0 -0.00168013
0 -0.00163072
0 -0.00157296
0 -0.00146749
0 -0.00135007
0 -0.00123534
0 -0.00115989
0 -0.00111431
0 -0.00107005
0 -0.0010325
0 -0.000999173
0 -0.000967046
0 -0.000946784
0 -0.000933632
0 -0.000921532
0 -0.000919081
0 -0.000922299
0 -0.000926525
0 -0.000939255
0 -0.000956477
0 -0.000978033
0 -0.001027
0 -0.00108676
0 -0.00114347
0 -0.00118992
0 -0.00123422
0 -0.00132408
0 -0.00164897
0 -0.00204944
0 -0.00234779
0 -0.00229647
0 -0.00217031
0 -0.00254034
0 -0.00669121
0 -0.0125835
0 -0.0188637
0 -0.0250433
0 -0.0207803
0 -0.011438
0 -0.0024654
0 0.00034478
0 -0.00177166
0 -0.00382154
0 -0.00396781
0 -0.00308131
0 -0.00224186
0 -0.00195228
0 -0.00197091
0 -0.00198698
0 -0.0019163
0 -0.00177971
0 -0.00164281
0 -0.00154613
0 -0.00149592
0 -0.00144871
0 -0.00140656
0 -0.00136794
0 -0.00132994
0 -0.0013024
0 -0.00128421
0 -0.00126813
0 -0.00128351
0 -0.00132591
0 -0.00136504
0 -0.00136699
0 -0.00134939
0 -0.00137038
0 -0.0019465
0 -0.00277951
0 -0.00259063
0 -0.00198783
0 -0.0013465
0 -0.00046023
0 0.000524522
0 0.00150663
0 0.00243936
0 0.00333096
0 0.00422248
0 0.00513341
0 0.0060606
0 0.00698597
0 0.00787027
0 0.00872172
0 0.00957791
0 0.0105208
0 0.0115357
0 0.0125264
0 0.0130462
0 0.0131806
0 0.0135734
0 0.0157665
0 0.0187055
0 0.0208626
0 0.0169943
0 0.0103704
0 0.00367703
0 0.068093
0 0.0126148
0 0.0252609
0 0.0370429
0 0.0438269
0 0.0489073
0 0.0543408
0 0.0614147
0 0.0693862
0 0.0766027
0 0.0766492
0 0.0741073
0 0.0714293
0 0.0641102
0 0.0548557
0 0.0460743
0 0.0387357
0 0.0317704
0 0.0250575
0 0.0199095
0 0.0153796
0 0.0134862
0 0.0238891
0 0.0302063
0 0.0353076
0 0.0401482
0 0.0440631
0 0.0478685
0 0.050154
0 0.0495426
0 0.0487729
0 0.0466322
0 0.0404031
0 0.033508
0 0.0267147
0 0.0199778
0 0.0132342
0 0.0073198
0 0.00325939
0 -0.000545703
0 -0.00385121
0 -0.00619176
0 -0.00840686
0 -0.00639601
0 -0.00111521
0 0.00103869
0 0.00209181
0 0.00306953
0 0.00324506
0 0.00302272
0 0.00281477
0 0.00289162
0 0.00305813
0 0.00324426
0 0.00337315
0 0.0034931
0 0.00362743
0 0.00378504
0 0.00398223
0 0.00418291
0 0.00441446
0 0.00466382
0 0.0049275
0 0.00525975
0 0.00560922
0 0.00596791
0 0.00645832
0 0.00700951
0 0.0075954
0 0.00821938
0 0.00887258
0 0.00966693
0 0.0112303
0 0.0130519
0 0.0148051
0 0.0158632
0 0.016587
0 0.0167919
0 0.0139082
0 0.00981354
0 0.00580683
0 0.00363638
0 0.00353936
0 0.00354727
0 0.00328659
0 0.00285038
0 0.00237093
0 0.00208964
0 0.00196266
0 0.00187168
0 0.00175167
0 0.00166028
0 0.00155475
0 0.0014773
0 0.00142805
0 0.00138586
0 0.00133657
0 0.00130142
0 0.0012803
0 0.0012592
0 0.00124518
0 0.00123802
0 0.00123114
0 0.00123107
0 0.00123815
0 0.00124525
0 0.00126624
0 0.00128736
0 0.00130868
0 0.00134366
0 0.00137905
0 0.00142825
0 0.00148458
0 0.00154807
0 0.00161127
0 0.00170992
0 0.00178744
0 0.00192132
0 0.00207597
0 0.00223147
0 0.00240733
0 0.00261827
0 0.00283691
0 0.00330957
0 0.00388788
0 0.00445972
0 0.00501625
0 0.00556492
0 0.00656357
0 0.0104071
0 0.0153308
0 0.0192988
0 0.0174796
0 0.0143555
0 0.0115069
0 0.00891882
0 0.00811881
0 0.00813827
0 0.00813575
0 0.00785655
0 0.00732997
0 0.00676957
0 0.00641637
0 0.00616268
0 0.00592106
0 0.00566955
0 0.00543955
0 0.00520164
0 0.00501568
0 0.00484151
0 0.00466756
0 0.00452406
0 0.0043798
0 0.00425751
0 0.00412191
0 0.00402525
0 0.00392373
0 0.00383944
0 0.00374252
0 0.00367519
0 0.00361619
0 0.00356153
0 0.00348591
0 0.00346494
0 0.00343138
0 0.00339785
0 0.00338592
0 0.00337291
0 0.00338667
0 0.00340302
0 0.00341232
0 0.00343798
0 0.00354824
0 0.00369173
0 0.00380697
0 0.00384506
0 0.0038622
0 0.00397259
0 0.00483173
0 0.00599053
0 0.00694722
0 0.00632495
0 0.00494495
0 0.00345971
0 0.0015451
0 -0.000486062
0 -0.00241503
0 -0.00281301
0 -0.00200832
0 -0.00120915
0 -0.000951448
0 -0.00105151
0 -0.00109498
0 -0.00108628
0 -0.000934061
0 -0.000840584
0 -0.000738448
0 -0.000702395
0 -0.00064165
0 -0.000591574
0 -0.000532805
0 -0.000489448
0 -0.000422017
0 -0.000368546
0 -0.000345913
0 -0.000269815
0 -0.000249098
0 -0.00017827
0 -0.000143606
0 -0.000108951
0 -3.4721e-05
0 -8.72896e-06
0 4.32544e-05
0 0.000108822
0 0.000152142
0 0.00019019
0 0.000278356
0 0.000313015
0 0.000383845
0 0.000459943
0 0.00053267
0 0.00060348
0 0.000693571
0 0.000805774
0 0.000895873
0 0.00101004
0 0.0011656
0 0.0013058
0 0.0014787
0 0.00169177
0 0.00195603
0 0.00222458
0 0.00257583
0 0.00299444
0 0.00346533
0 0.00433118
0 0.00532309
0 0.00641405
0 0.00848589
0 0.00906009
0 0.0069358
0 0.00548506
0 0.0040658
0 0.00327067
0 0.00311005
0 0.00299874
0 0.0028671
0 0.00274432
0 0.00261026
0 0.00255455
0 0.00252312
0 0.00253204
0 0.00252082
0 0.00254756
0 0.00256762
0 0.00260769
0 0.00264565
0 0.0027303
0 0.00277061
0 0.00287528
0 0.00294466
0 0.00306507
0 0.00319236
0 0.00330179
0 0.00345796
0 0.0036193
0 0.0038115
0 0.00400548
0 0.00425693
0 0.00449594
0 0.00480675
0 0.00513076
0 0.00549003
0 0.00596012
0 0.00649544
0 0.00708543
0 0.00775066
0 0.00849022
0 0.00924328
0 0.0106789
0 0.0127633
0 0.014904
0 0.0164818
0 0.0175572
0 0.0200526
0 0.0321473
0 0.0481599
0 0.0600299
0 0.0443202
0 0.0235806
0 0.0113237
0 -0.000187282
0 -0.00621964
0 0.000730916
0 0.0094981
0 0.0161586
0 0.0187574
0 0.0209106
0 0.0232491
0 0.0259243
0 0.0286575
0 0.0309902
0 0.0322993
0 0.0334544
0 0.0343115
0 0.0344752
0 0.0345963
0 0.0345007
0 0.0338172
0 0.0330215
0 0.0321394
0 0.0309543
0 0.0297474
0 0.028563
0 0.0272441
0 0.0259405
0 0.0246514
0 0.023439
0 0.0222566
0 0.0210766
0 0.0199491
0 0.0187848
0 0.0177983
0 0.0171569
0 0.0165874
0 0.0118145
0 0.00634082
0 0.00530391
0 0.00441382
0 0.00394098
0 0.00390828
0 0.00388907
0 0.00382862
0 0.00367699
0 0.00347405
0 0.00334617
0 0.00326691
0 0.0031998
0 0.00312066
0 0.00307849
0 0.00300266
0 0.00295622
0 0.00294219
0 0.00291408
0 0.00288181
0 0.00290155
0 0.00287354
0 0.00290733
0 0.00294113
0 0.00294698
0 0.00299079
0 0.00307654
0 0.00310643
0 0.00321609
0 0.00333178
0 0.00344756
0 0.00360127
0 0.00374495
0 0.00393269
0 0.00421634
0 0.004654
0 0.00508542
0 0.00542011
0 0.00560169
0 0.00588214
0 0.00764711
0 0.0105069
0 0.0127492
0 0.00641182
0 -0.00346441
0 -0.00832131
0 -0.0124866
0 -0.0158682
0 -0.0159791
0 -0.0152587
0 -0.0147336
0 -0.0150186
0 -0.0154265
0 -0.0157367
0 -0.0156461
0 -0.0154938
0 -0.0153459
0 -0.0151221
0 -0.0148826
0 -0.0146374
0 -0.0143085
0 -0.0139489
0 -0.0135782
0 -0.0131731
0 -0.012775
0 -0.0123477
0 -0.0119617
0 -0.0115076
0 -0.0111155
0 -0.0106813
0 -0.0103112
0 -0.00987909
0 -0.00952434
0 -0.00914356
0 -0.00877401
0 -0.00842722
0 -0.00809315
0 -0.00774545
0 -0.00747778
0 -0.00719113
0 -0.00688924
0 -0.00649049
0 -0.00760379
0 -0.00839532
0 -0.00800391
0 -0.00760498
0 -0.00719472
0 -0.00677103
0 -0.00631204
0 -0.00595988
0 -0.00567065
0 -0.00541013
0 -0.00512863
0 -0.0049246
0 -0.00468557
0 -0.00447472
0 -0.00429905
0 -0.00413742
0 -0.00395541
0 -0.00383564
0 -0.00367417
0 -0.00355519
0 -0.00343578
0 -0.00333091
0 -0.00321818
0 -0.00312072
0 -0.00303659
0 -0.00294509
0 -0.00286828
0 -0.00279803
0 -0.0027213
0 -0.00267235
0 -0.00258829
0 -0.00256064
0 -0.00248938
0 -0.00243516
0 -0.00240647
0 -0.00237886
0 -0.00236508
0 -0.00229494
0 -0.00220354
0 -0.00215472
0 -0.0024954
0 0.00200106
0 0.00494581
0 0.00380512
0 0.00271205
0 0.00197478
0 0.00140495
0 0.000846593
0 0.000529713
0 0.000275543
0 5.64656e-05
0 -0.000162611
0 -0.000317877
0 -0.000499667
0 -0.000614589
0 -0.000754936
0 -0.00087512
0 -0.00098783
0 -0.00110053
0 -0.0012006
0 -0.00131962
0 -0.00141223
0 -0.00152492
0 -0.00163261
0 -0.00173653
0 -0.00187174
0 -0.00195823
0 -0.0021046
0 -0.00221995
0 -0.00236906
0 -0.002503
0 -0.00266729
0 -0.00283011
0 -0.00300815
0 -0.00319989
0 -0.0034146
0 -0.00367033
0 -0.00391419
0 -0.0041854
0 -0.00448376
0 -0.00476655
0 -0.00520844
0 -0.00585971
0 -0.00648075
0 -0.00678376
0 -0.00678272
0 -0.00815472
0 -0.0172092
0 -0.0179789
0 -0.0147473
0 -0.0116339
0 -0.00956056
0 -0.00800584
0 -0.00649604
0 -0.00557238
0 -0.00500748
0 -0.00446324
0 -0.00403329
0 -0.00366307
0 -0.00331752
0 -0.00304802
0 -0.00284588
0 -0.00263958
0 -0.0024712
0 -0.00233223
0 -0.00220188
0 -0.00208817
0 -0.00199129
0 -0.00190316
0 -0.00183139
0 -0.00176838
0 -0.00168847
0 -0.00167149
0 -0.00159607
0 -0.00157911
0 -0.00152868
0 -0.00152017
0 -0.00149069
0 -0.00147435
0 -0.00146586
0 -0.00146121
0 -0.00145346
0 -0.00147823
0 -0.00147055
0 -0.00149149
0 -0.00152474
0 -0.00155515
0 -0.00158839
0 -0.00166439
0 -0.00169867
0 -0.0017993
0 -0.00187161
0 -0.00199428
0 -0.00215007
0 -0.00234881
0 -0.0018802
0 -0.00126585
0 -0.00076279
0 -0.000307797
0 -0.000119094
0 5.11739e-06
0 0.000105563
0 0.000211056
0 0.000282094
0 0.000371822
0 0.000434241
0 0.000480893
0 0.000531134
0 0.000591399
0 0.00063162
0 0.000671064
0 0.000729902
0 0.000775182
0 0.000814558
0 0.000868448
0 0.000918734
0 0.000970286
0 0.00103649
0 0.00108433
0 0.00114198
0 0.00121804
0 0.00130265
0 0.00135669
0 0.00144988
0 0.00155532
0 0.00164743
0 0.00176145
0 0.00189159
0 0.00201797
0 0.00219471
0 0.00237998
0 0.00256915
0 0.00280488
0 0.00304909
0 0.00331422
0 0.0038062
0 0.00434519
0 0.00485437
0 0.00527525
0 0.00594881
0 0.0141431
0 0.0152228
0 0.0110859
0 0.00742541
0 0.00593554
0 0.00507561
0 0.00428696
0 0.00377566
0 0.00336903
0 0.00301157
0 0.0027798
0 0.00260977
0 0.00243563
0 0.00231922
0 0.00222009
0 0.00214311
0 0.00207635
0 0.00204416
0 0.00200449
0 0.00197232
0 0.00197233
0 0.00197232
0 0.00198287
0 0.00199361
0 0.00202548
0 0.00204943
0 0.002116
0 0.00216661
0 0.00222511
0 0.00232111
0 0.00240885
0 0.00251287
0 0.00264862
0 0.00276854
0 0.00298715
0 0.00319241
0 0.00341337
0 0.00368599
0 0.00396527
0 0.00428066
0 0.00495289
0 0.005724
0 0.00651452
0 0.00717372
0 0.00777394
0 0.00870693
0 0.0130619
0 0.0192898
0 0.0256032
0 0.0326166
0 0.0400309
0 0.0445515
0 0.0333071
0 0.0170086
0 0.00142709
0 -0.00342375
0 0.000383772
0 0.00421969
0 0.00508358
0 0.00366031
0 0.00228987
0 0.0019646
0 0.00215715
0 0.00236407
0 0.0023824
0 0.00225957
0 0.00214086
0 0.00211434
0 0.00215129
0 0.00217173
0 0.00218604
0 0.00221695
0 0.00225165
0 0.00229099
0 0.00236633
0 0.00242249
0 0.00250373
0 0.00258624
0 0.00270943
0 0.00280986
0 0.00296763
0 0.00310197
0 0.00327735
0 0.00347771
0 0.00370732
0 0.00395972
0 0.00430688
0 0.00464268
0 0.00503889
0 0.00548094
0 0.00592275
0 0.00677323
0 0.00798327
0 0.00924455
0 0.0101041
0 0.0106684
0 0.0119322
0 0.0185439
0 0.0274863
0 0.0336306
0 0.0164215
0 0.000117527
0 -0.00289698
0 -0.00526035
0 -0.00568184
0 -0.00396142
0 -0.00213612
0 -0.000539753
0 -0.000335575
0 -0.000672253
0 -0.000942674
0 -0.000833497
0 -0.000587278
0 -0.000449804
0 -0.000416487
0 -0.000393137
0 -0.000383559
0 -0.00034068
0 -0.000303143
0 -0.000269834
0 -0.000250707
0 -0.000236885
0 -0.000212807
0 -0.000198971
0 -0.000194024
0 -0.00017029
0 -0.000165677
0 -0.000141947
0 -0.000141945
0 -0.000137323
0 -0.000118217
0 -0.00010866
0 -0.000118527
0 -9.44882e-05
0 -9.44885e-05
0 -8.52393e-05
0 -8.98658e-05
0 -6.61381e-05
0 -7.56868e-05
0 -6.61395e-05
0 -6.15086e-05
0 -5.19603e-05
0 -5.19636e-05
0 -5.19587e-05
0 -3.77841e-05
0 -4.24125e-05
0 -2.36065e-05
0 -3.77832e-05
0 -2.36051e-05
0 -2.82359e-05
0 -9.42625e-06
0 -1.86899e-05
0 4.75055e-06
0 -1.40568e-05
0 1.21058e-07
0 1.19209e-07
0 2.3845e-05
0 4.75164e-06
0 2.38454e-05
0 2.3844e-05
0 2.84774e-05
0 3.80238e-05
0 4.75721e-05
0 5.68292e-05
0 4.75749e-05
0 7.10048e-05
0 7.13019e-05
0 0.00010428
0 8.05561e-05
0 0.000109206
0 0.000123084
0 0.00013756
0 0.000180091
0 0.000184712
0 0.000189645
0 0.000156358
0 0.000227554
0 0.000402585
0 0.000577939
0 0.000615848
0 0.000208431
0 -0.000279402
0 0.000241733
0 0.00249136
0 0.00488348
0 0.00377024
0 -0.00257134
0 -0.00905604
0 -0.0113044
0 -0.0101424
0 -0.0088449
0 -0.00741663
0 -0.00549972
0 -0.00353352
0 -0.00200411
0 -0.00173881
0 -0.00172455
0 -0.00159689
0 -0.00139287
0 -0.00113256
0 -0.000933571
0 -0.000810132
0 -0.000739631
0 -0.000672411
0 -0.000583484
0 -0.000516249
0 -0.000464187
0 -0.000393728
0 -0.00036929
0 -0.000317241
0 -0.000275362
0 -0.000250912
0 -0.000213144
0 -0.000175388
0 -0.000161103
0 -0.000132535
0 -9.4776e-05
0 -8.04921e-05
0 -6.11114e-05
0 -3.35438e-05
0 -2.33527e-05
0 1.4406e-05
0 2.35926e-05
0 4.29758e-05
0 5.21625e-05
0 9.50184e-05
0 8.99229e-05
0 0.000123586
0 0.000132778
0 0.000152152
0 0.000179729
0 0.000195001
0 0.0002083
0 0.000232761
0 0.000260348
0 0.000270522
0 0.000294001
0 0.000322567
0 0.000346047
0 0.000374614
0 0.000388888
0 0.00042666
0 0.000450159
0 0.000498054
0 0.000516493
0 0.000550101
0 0.000606338
0 0.000635749
0 0.000686948
0 0.000734814
0 0.000796109
0 0.000848185
0 0.000924545
0 0.00100437
0 0.00108499
0 0.00117059
0 0.00126543
0 0.00140671
0 0.00157785
0 0.00176694
0 0.00196103
0 0.00208929
0 0.00222676
0 0.0026807
0 0.00352796
0 0.00444629
0 0.00491595
0 0.00473647
0 0.00449317
0 0.00679135
0 0.0172905
0 0.028769
0 0.0247727
0 0.00646446
0 -0.0062473
0 -0.0157379
0 -0.0247865
0 -0.0255281
0 -0.0183261
0 -0.0110222
0 -0.00763464
0 -0.00752425
0 -0.0075107
0 -0.00726374
0 -0.0063828
0 -0.00544752
0 -0.00469184
0 -0.00431379
0 -0.00406168
0 -0.00376399
0 -0.00347018
0 -0.00319601
0 -0.00293629
0 -0.00274654
0 -0.0025657
0 -0.00241533
0 -0.00224883
0 -0.00211985
0 -0.00198392
0 -0.00186929
0 -0.00176555
0 -0.00165638
0 -0.00156487
0 -0.00146667
0 -0.001395
0 -0.00130016
0 -0.00123727
0 -0.00113917
0 -0.00108507
0 -0.00101012
0 -0.000929658
0 -0.000866729
0 -0.000786256
0 -0.000728887
0 -0.000634079
0 -0.000562377
0 -0.000490662
0 -0.000381524
0 -0.000281128
0 -0.000180727
0 -5.72507e-05
0 5.18845e-05
0 0.00023521
0 0.000551404
0 0.000886903
0 0.00109644
0 0.00125419
0 0.00148041
0 0.00320601
0 0.00598619
0 0.00838431
0 0.00492247
0 0.000560527
0 -0.00123181
0 -0.0029812
0 -0.00382818
0 -0.00341109
0 -0.00288827
0 -0.00268641
0 -0.0028188
0 -0.00295338
0 -0.00298762
0 -0.00292148
0 -0.00285224
0 -0.00278055
0 -0.00272011
0 -0.00263404
0 -0.00255638
0 -0.00242453
0 -0.00228955
0 -0.00214898
0 -0.00196252
0 -0.00181038
0 -0.00159813
0 -0.0014031
0 -0.00119339
0 -0.000978517
0 -0.00073155
0 -0.000507827
0 -0.000295327
0 -6.30942e-05
0 0.000157933
0 0.00039754
0 -0.0134853
0 -0.0055809
0 -0.011166
0 -0.016162
0 -0.0161074
0 -0.0134992
0 -0.0109757
0 -0.00922216
0 -0.00783246
0 -0.00620363
0 -0.00357649
0 -0.000690573
0 0.00219962
0 0.00511953
0 0.00805163
0 0.0108593
0 0.0131253
0 0.0152481
0 0.0172502
0 0.0183346
0 0.0190125
0 0.0196199
0 0.0199166
0 0.0201409
0 0.0197999
0 0.0167794
0 0.0444121
0 0.0623818
0 0.0433243
0 0.0250357
0 0.0160487
0 0.0139647
0 0.0120175
0 0.0102411
0 0.0086409
0 0.00714787
0 0.00630472
0 0.00573766
0 0.00519025
0 0.00477178
0 0.00440556
0 0.0040492
0 0.00379513
0 0.00360383
0 0.00341444
0 0.00326028
0 0.00314953
0 0.00304342
0 0.00296823
0 0.00291781
0 0.00287296
0 0.00286919
0 0.00288612
0 0.00290512
0 0.00296213
0 0.00305439
0 0.00315075
0 0.00333422
0 0.0036205
0 0.00391708
0 0.00429334
0 0.00473988
0 0.00525656
0 0.00686582
0 0.00935862
0 0.0116781
0 0.0124814
0 0.0125897
0 0.01268
0 0.0125137
0 0.0121506
0 0.0117856
0 0.0114603
0 0.0111765
0 0.0108903
0 0.0105572
0 0.0102005
0 0.00984247
0 0.00946478
0 0.00907662
0 0.00868416
0 0.008255
0 0.00780898
0 0.00736211
0 0.00689475
0 0.00641074
0 0.0059151
0 0.00532762
0 0.00469558
0 0.00407392
0 0.00355174
0 0.00308412
0 0.00253161
0 0.00128777
0 -0.000290962
0 -0.00155622
0 0.00129513
0 0.00636289
0 0.0086356
0 0.0101476
0 0.0112425
0 0.0104558
0 0.00914109
0 0.00793642
0 0.00727819
0 0.00679104
0 0.00628443
0 0.00566417
0 0.00500308
0 0.00434782
0 0.00373027
0 0.003128
0 0.00252324
0 0.00190002
0 0.00126867
0 0.000629689
0 -6.35285e-05
0 -0.000780345
0 -0.00149471
0 -0.00219337
0 -0.00288607
0 -0.00366967
0 -0.00485461
0 -0.0061506
0 -0.00632752
0 -0.000411974
0 0.00756584
0 0.0150352
0 0.0189895
0 0.0214757
0 0.0228584
0 0.0171385
0 0.00863587
0 0.00111848
0 -0.000553576
0 -7.68477e-05
0 0.000334177
0 0.000172941
0 -0.00027076
0 -0.000685952
0 -0.00607075
0 -0.00141724
0 -0.00283457
0 -0.00414297
0 -0.00394569
0 -0.00265029
0 -0.00147257
0 -0.00115844
0 -0.00116792
0 -0.00116386
0 -0.00104572
0 -0.000872261
0 -0.000716794
0 -0.000638261
0 -0.000579913
0 -0.00052163
0 -0.000465524
0 -0.000411988
0 -0.000360921
0 -0.000319725
0 -0.000281175
0 -0.000243207
0 -0.000209165
0 -0.000176754
0 -0.000144456
0 -0.000113693
0 -8.40258e-05
0 -5.43802e-05
0 -2.46733e-05
0 5.10856e-06
0 3.52392e-05
0 6.75578e-05
0 0.000100721
0 0.000134263
0 0.00017176
0 0.000211657
0 0.000252288
0 0.000302766
0 0.000360612
0 0.00041922
0 0.000485121
0 0.000555955
0 0.000636814
0 0.000782842
0 0.000955125
0 0.00112647
0 0.0012878
0 0.00144337
0 0.00173154
0 0.00271329
0 0.00392103
0 0.00507606
0 0.00582027
0 0.00552981
0 0.00359445
0 0.00147309
0 -1.99483e-05
0 -2.48159e-05
0 0.000185822
0 0.000377355
0 0.000360518
0 0.00021547
0 8.52316e-05
0 5.47421e-05
0 6.11695e-05
0 6.60625e-05
0 5.51459e-05
0 3.51463e-05
0 1.84245e-05
0 1.05832e-05
0 4.18157e-06
0 -2.21482e-06
0 -8.45765e-06
0 -1.45421e-05
0 -2.05675e-05
0 -2.57991e-05
0 -3.04299e-05
0 -3.50347e-05
0 -3.9406e-05
0 -4.36118e-05
0 -4.78065e-05
0 -5.18767e-05
0 -5.5829e-05
0 -5.97794e-05
0 -6.37228e-05
0 -6.76663e-05
0 -7.16496e-05
0 -7.57258e-05
0 -7.98166e-05
0 -8.3961e-05
0 -8.83569e-05
0 -9.2811e-05
0 -9.73114e-05
0 -0.000102144
0 -0.000107183
0 -0.000112231
0 -0.000117692
0 -0.000123637
0 -0.000129607
0 -0.000135831
0 -0.000142647
0 -0.000149786
0 -0.000157806
0 -0.000166031
0 -0.000174463
0 -0.000184301
0 -0.000194773
0 -0.000205395
0 -0.000217879
0 -0.000231579
0 -0.000245447
0 -0.00026162
0 -0.000279608
0 -0.000297972
0 -0.000320934
0 -0.000347318
0 -0.000374164
0 -0.000404393
0 -0.000436363
0 -0.000474413
0 -0.000535967
0 -0.000603229
0 -0.000669874
0 -0.0007271
0 -0.000777451
0 -0.000902412
0 -0.00118137
0 -0.00147932
0 -0.00176725
0 -0.00195721
0 -0.00209174
0 -0.0026394
0 -0.00614105
0 -0.0108827
0 -0.0102056
0 -0.00455864
0 -0.00234335
0 -0.000241345
0 0.00093577
0 0.000516672
0 -3.74974e-05
0 -0.000200908
0 -3.94577e-05
0 0.00012941
0 0.000217062
0 0.000207001
0 0.000191119
0 0.000180515
0 0.000196138
0 0.000219913
0 0.000241683
0 0.000252775
0 0.000260445
0 0.000270287
0 0.000282131
0 0.000294056
0 0.000305926
0 0.000317711
0 0.000329471
0 0.000341412
0 0.000354396
0 0.000367804
0 0.000381616
0 0.000396224
0 0.000411044
0 0.000427509
0 0.000445218
0 0.000462957
0 0.000481397
0 0.000502142
0 0.000523414
0 0.000547003
0 0.000573553
0 0.0006003
0 0.000627808
0 0.000659801
0 0.000693451
0 0.000730483
0 0.000774017
0 0.000818291
0 0.000864049
0 0.000920021
0 0.000980361
0 0.00104709
0 0.00112418
0 0.00120223
0 0.00129253
0 0.00142139
0 0.00155784
0 0.00169575
0 0.00183957
0 0.00198492
0 0.002219
0 0.00271975
0 0.00326354
0 0.00354749
0 0.00349994
0 0.0034744
0 0.00526215
0 0.00947089
0 0.0138104
0 0.015971
0 0.0149002
0 0.0134804
0 0.00922971
0 0.00169554
0 -0.00601748
0 -0.0107058
0 -0.00740544
0 -0.00284158
0 -0.000167649
0 -0.000221225
0 -0.000484631
0 -0.000460621
0 8.93369e-05
0 0.000690567
0 0.00113404
0 0.00138939
0 0.00163373
0 0.00188579
0 0.002173
0 0.00247021
0 0.00276756
0 0.00306511
0 0.00336302
0 0.00368525
0 0.00404866
0 0.00441627
0 0.0048144
0 0.00528123
0 0.00575764
0 0.00629077
0 0.00697694
0 0.00768946
0 0.00846533
0 0.00940029
0 0.0103642
0 0.0117105
0 0.0137098
0 0.0157824
0 0.0179667
0 0.020385
0 0.0228782
0 0.0290712
0 0.0408571
0 0.0532721
0 0.0611658
0 0.0594618
0 0.0557208
0 0.0515449
0 0.0478027
0 0.0481865
0 0.0516814
0 0.0552003
0 0.0559907
0 0.054548
0 0.0532153
0 0.0514276
0 0.0491554
0 0.0469551
0 0.0444879
0 0.0416986
0 0.0389668
0 0.0364014
0 0.0339187
0 0.031499
0 0.0293724
0 0.0274285
0 0.0255102
0 0.0237013
0 0.021972
0 0.0202893
0 0.0192898
0 0.018883
0 0.0175458
0 0.00691474
0 0.000657535
0 -0.000764278
0 -0.0020562
0 -0.00219739
0 -0.00164579
0 -0.0011002
0 -0.000871343
0 -0.000938579
0 -0.00101434
0 -0.00102466
0 -0.000969508
0 -0.000916275
0 -0.000905445
0 -0.00091686
0 -0.000928756
0 -0.000946246
0 -0.000968968
0 -0.00099348
0 -0.00103422
0 -0.00108446
0 -0.00113615
0 -0.00121516
0 -0.00131973
0 -0.0014261
0 -0.00155497
0 -0.00170865
0 -0.00187476
0 -0.00222128
0 -0.00271395
0 -0.00322097
0 -0.00385968
0 -0.00459068
0 -0.00566156
0 -0.0119143
0 -0.019842
0 -0.0196934
0 -0.0177949
0 -0.0159017
0 -0.013957
0 -0.0119855
0 -0.0101579
0 -0.00905612
0 -0.00818193
0 -0.00732894
0 -0.00660832
0 -0.00594016
0 -0.00530517
0 -0.00480522
0 -0.00433992
0 -0.00388009
0 -0.00347404
0 -0.00309891
0 -0.00272661
0 -0.00237443
0 -0.00203218
0 -0.00168981
0 -0.00134612
0 -0.0010019
0 -0.000644687
0 -0.000229814
0 0.00020106
0 0.000643805
0 0.00116226
0 0.00171047
0 0.00234221
0 0.00342474
0 0.00465889
0 0.00518882
0 0.00329883
0 0.00246137
0 0.00182836
0 0.00134869
0 0.00115025
0 0.000981918
0 0.000798229
0 0.00056988
0 0.000333496
0 0.000107414
0 -9.45002e-05
0 -0.000293018
0 -0.000499162
0 -0.000720358
0 -0.000943499
0 -0.00117838
0 -0.00143192
0 -0.00168721
0 -0.00197697
0 -0.00234998
0 -0.00273537
0 -0.0031283
0 -0.0035422
0 -0.00396124
0 -0.00464498
0 -0.00588914
0 -0.0071639
0 -0.00434125
0 -0.00838246
0 -0.000227654
0 -0.000455313
0 -0.000665389
0 -0.000629441
0 -0.000412391
0 -0.000201748
0 -0.000120791
0 -0.000126606
0 -0.000130764
0 -0.000111045
0 -8.06669e-05
0 -5.14462e-05
0 -3.36568e-05
0 -2.22062e-05
0 -1.08018e-05
0 1.01831e-06
0 1.32814e-05
0 2.54917e-05
0 3.68461e-05
0 4.76804e-05
0 5.85769e-05
0 6.9927e-05
0 8.14651e-05
0 9.34906e-05
0 0.000107525
0 0.000122057
0 0.000136702
0 0.000152962
0 0.000170421
0 0.000189503
0 0.000218377
0 0.000250938
0 0.000283365
0 0.000314078
0 0.000343749
0 0.000381564
0 0.000502361
0 0.000671566
0 0.000810117
0 0.000814718
0 0.000783448
0 0.000953805
0 0.00246312
0 0.00451819
0 0.00463359
0 -0.0017979
0 -0.00335885
0 -0.00393217
0 -0.00412595
0 -0.00355782
0 -0.00289872
0 -0.00237525
0 -0.00225963
0 -0.00222038
0 -0.00217086
0 -0.00208412
0 -0.00198901
0 -0.00191562
0 -0.00189204
0 -0.00187548
0 -0.00186608
0 -0.00187105
0 -0.0018778
0 -0.0018941
0 -0.00193079
0 -0.00197013
0 -0.002018
0 -0.00208712
0 -0.0021595
0 -0.00224297
0 -0.00235807
0 -0.0024788
0 -0.00261351
0 -0.00278826
0 -0.00297033
0 -0.00319348
0 -0.00350938
0 -0.00383806
0 -0.00420013
0 -0.00468932
0 -0.00520889
0 -0.0059198
0 -0.00727904
0 -0.00673221
0 -0.0275715
0 -0.0022697
0 -0.00453971
0 -0.00637436
0 -0.0055577
0 -0.00374369
0 -0.00198021
0 -0.00125175
0 -0.00147621
0 -0.00167999
0 -0.00159147
0 -0.00140818
0 -0.00122533
0 -0.00109675
0 -0.00107292
0 -0.001058
0 -0.00102549
0 -0.000986628
0 -0.00094838
0 -0.00092245
0 -0.000907952
0 -0.000894677
0 -0.000885647
0 -0.00087803
0 -0.000870449
0 -0.000865906
0 -0.00086682
0 -0.0008684
0 -0.000872364
0 -0.000878799
0 -0.000885623
0 -0.000895732
0 -0.00090811
0 -0.000920991
0 -0.000937694
0 -0.000956251
0 -0.000975515
0 -0.000998778
0 -0.00102346
0 -0.00104982
0 -0.00108314
0 -0.00111827
0 -0.0011534
0 -0.00119184
0 -0.00123874
0 -0.00128705
0 -0.00134079
0 -0.00140353
0 -0.00146749
0 -0.00153954
0 -0.00161936
0 -0.00170284
0 -0.00181253
0 -0.00193466
0 -0.00205695
0 -0.00219022
0 -0.00234429
0 -0.00251009
0 -0.00276494
0 -0.00306891
0 -0.00337278
0 -0.00366118
0 -0.00393473
0 -0.00424524
0 -0.00523635
0 -0.00681747
0 -0.0081723
0 -0.00797057
0 -0.00716067
0 -0.00830708
0 -0.0199155
0 -0.0350862
0 -0.0470974
0 -0.0248531
0 0.0036303
0 0.0133577
0 0.021764
0 0.0241605
0 0.0145971
0 0.00368666
0 -0.00370384
0 -0.00514935
0 -0.00602151
0 -0.00709358
0 -0.00845043
0 -0.00983036
0 -0.0109773
0 -0.0113582
0 -0.0115841
0 -0.0117905
0 -0.0118866
0 -0.0119476
0 -0.0119747
0 -0.0118712
0 -0.0117386
0 -0.0116
0 -0.0114169
0 -0.0112188
0 -0.0110129
0 -0.0107872
0 -0.0105597
0 -0.0103296
0 -0.0100935
0 -0.00985772
0 -0.00962404
0 -0.00939375
0 -0.00916466
0 -0.00893778
0 -0.00871809
0 -0.00850092
0 -0.00828926
0 -0.00808733
0 -0.00788701
0 -0.007688
0 -0.00749869
0 -0.00731703
0 -0.00713642
0 -0.00696413
0 -0.00679767
0 -0.0066321
0 -0.0064749
0 -0.0063249
0 -0.0061755
0 -0.0060305
0 -0.00589223
0 -0.00575708
0 -0.00562994
0 -0.00550461
0 -0.0053799
0 -0.005261
0 -0.00514676
0 -0.00503533
0 -0.00493092
0 -0.0048278
0 -0.00472493
0 -0.00462518
0 -0.0045298
0 -0.00443589
0 -0.00435224
0 -0.00427417
0 -0.00419055
0 -0.00408598
0 -0.00397695
0 -0.00391202
0 -0.00393546
0 -0.00396028
0 -0.00353515
0 -0.00308988
0 -0.00595807
0 -0.00753125
0 -0.00591774
0 -0.00409334
0 -0.00253623
0 -0.00198532
0 -0.00167141
0 -0.0013739
0 -0.00118137
0 -0.00103081
0 -0.000911986
0 -0.000835801
0 -0.000762626
0 -0.000694996
0 -0.000651186
0 -0.000613781
0 -0.000578894
0 -0.000553478
0 -0.000530303
0 -0.00050838
0 -0.000493367
0 -0.000480729
0 -0.000468328
0 -0.000459055
0 -0.000452021
0 -0.000446086
0 -0.000443195
0 -0.000440842
0 -0.000438706
0 -0.000438919
0 -0.000440585
0 -0.000443057
0 -0.000448042
0 -0.000453521
0 -0.000459148
0 -0.000467137
0 -0.000477046
0 -0.000487538
0 -0.000500428
0 -0.000514054
0 -0.000530061
0 -0.00054959
0 -0.000569409
0 -0.000590546
0 -0.000618353
0 -0.000648253
0 -0.000678605
0 -0.000716445
0 -0.000760372
0 -0.000807355
0 -0.000861888
0 -0.000917644
0 -0.000984551
0 -0.00109383
0 -0.00121317
0 -0.00132424
0 -0.00140771
0 -0.0014878
0 -0.00174513
0 -0.00229863
0 -0.00287963
0 -0.00325976
0 -0.00317921
0 -0.00303382
0 -0.00432346
0 -0.0110545
0 -0.01898
0 -0.0115137
0 0.0100377
0 0.00979132
0 0.00762375
0 0.00554147
0 0.00404544
0 0.00279912
0 0.00179956
0 0.0015381
0 0.00141445
0 0.0012883
0 0.00114489
0 0.000994264
0 0.000860891
0 0.000788322
0 0.000729107
0 0.000672675
0 0.000627097
0 0.000584177
0 0.000542452
0 0.000511413
0 0.000485967
0 0.000460597
0 0.000437493
0 0.000418511
0 0.000400522
0 0.000385944
0 0.00037266
0 0.000359372
0 0.000347015
0 0.000337381
0 0.000328289
0 0.00032012
0 0.000312813
0 0.000305752
0 0.000299831
0 0.000294322
0 0.000289348
0 0.000285588
0 0.000281992
0 0.000278403
0 0.000275159
0 0.000273002
0 0.000271056
0 0.000269431
0 0.000268332
0 0.000267304
0 0.000266787
0 0.00026675
0 0.000266791
0 0.000267385
0 0.000268308
0 0.000269347
0 0.00027106
0 0.000273005
0 0.000275125
0 0.000277831
0 0.000280661
0 0.000283993
0 0.00028827
0 0.000292662
0 0.000297047
0 0.000301802
0 0.000307767
0 0.000313982
0 0.000320707
0 0.000328295
0 0.000336028
0 0.000344897
0 0.000354711
0 0.000364778
0 0.000376125
0 0.000387953
0 0.000401163
0 0.000417257
0 0.00043372
0 0.000450213
0 0.000468707
0 0.000490127
0 0.000512666
0 0.000540728
0 0.000570939
0 0.000601182
0 0.000635258
0 0.000677113
0 0.000721868
0 0.00077645
0 0.000834105
0 0.000893819
0 0.000980916
0 0.00108751
0 0.00119522
0 0.00131512
0 0.00144541
0 0.00159975
0 0.00196579
0 0.0024427
0 0.002828
0 0.00300548
0 0.00316955
0 0.00478136
0 0.00901745
0 0.0135332
0 0.0213357
0 0.0382255
0 0.0407715
0 0.0381177
0 0.0359839
0 0.0362409
0 0.0373238
0 0.0384423
0 0.0396639
0 0.0409882
0 0.0424501
0 0.0446081
0 0.0471994
0 0.0499179
0 0.0531392
0 0.0567914
0 0.0606153
0 0.0646405
0 0.06899
0 0.0732852
0 0.076548
0 0.0800788
0 0.0835882
0 0.0829186
0 0.0806737
0 0.0792015
0 0.079584
0 0.0809513
0 0.0825592
0 0.0826034
0 0.0822728
0 0.0822761
0 0.0780554
0 0.0708601
0 0.0641427
0 0.0595213
0 0.056138
0 0.0529213
0 0.0502933
0 0.0480261
0 0.0459166
0 0.0442625
0 0.042879
0 0.0416948
0 0.0419216
0 0.042959
0 0.0439597
0 0.0425297
0 0.0389887
0 0.0354338
0 0.0309734
0 0.025098
0 0.0191024
0 0.0141242
0 0.0132216
0 0.0133467
0 0.013071
0 0.0119835
0 0.0107995
0 0.00971333
0 0.00905587
0 0.00851911
0 0.00798597
0 0.00746663
0 0.00695084
0 0.00645968
0 0.00605301
0 0.00566483
0 0.00528564
0 0.0049363
0 0.00459329
0 0.00425891
0 0.0039507
0 0.00364747
0 0.00333172
0 0.00298531
0 0.00263493
0 0.00232237
0 0.00206973
0 0.00182125
0 0.00136501
0 0.000457802
0 -0.000501755
0 -0.000845004
0 -8.77399e-05
0 0.000751467
0 -0.00174348
0 -0.0104524
0 -0.0192538
0 -0.0193705
0 -0.0129254
0 -0.00647565
0 -0.00309104
0 -0.00260884
0 -0.00224174
0 -0.00190466
0 -0.00159744
0 -0.00129496
0 -0.00109317
0 -0.00100758
0 -0.000928445
0 -0.000852875
0 -0.000794041
0 -0.000740077
0 -0.000689042
0 -0.000654321
0 -0.000625412
0 -0.000601069
0 -0.000581705
0 -0.000562597
0 -0.000545404
0 -0.000534084
0 -0.000523982
0 -0.000516407
0 -0.000511589
0 -0.00050691
0 -0.000502845
0 -0.000502306
0 -0.000503025
0 -0.000504525
0 -0.000508098
0 -0.000512042
0 -0.000518017
0 -0.000526728
0 -0.000535639
0 -0.000544847
0 -0.000557259
0 -0.000571586
0 -0.000586715
0 -0.000605583
0 -0.000625591
0 -0.000647355
0 -0.000672976
0 -0.000699423
0 -0.000732457
0 -0.000771836
0 -0.00081147
0 -0.000853496
0 -0.000904528
0 -0.000958411
0 -0.00103008
0 -0.00112021
0 -0.00121124
0 -0.00130759
0 -0.00141416
0 -0.00152236
0 -0.00170962
0 -0.00206431
0 -0.00243644
0 -0.00267219
0 -0.00273967
0 -0.00281143
0 -0.00397323
0 -0.00695307
0 -0.0101015
0 -0.0125398
0 -0.0135091
0 -0.0138789
0 -0.00971631
0 -0.0027963
0 0.00381683
0 0.00534961
0 0.0030114
0 0.00066291
0 -0.0002546
0 -7.19743e-07
0 0.00028353
0 0.000336089
0 3.72114e-05
0 -0.00028898
0 -0.000528891
0 -0.000652499
0 -0.000768313
0 -0.000905646
0 -0.00107447
0 -0.00124579
0 -0.0014171
0 -0.00158837
0 -0.00176275
0 -0.00197439
0 -0.00221063
0 -0.00244772
0 -0.00269004
0 -0.00293613
0 -0.00320134
0 -0.00368745
0 -0.00431578
0 -0.00493957
0 -0.00532495
0 -0.00542227
0 -0.00554695
0 -0.00749755
0 -0.0118634
0 -0.0159512
0 -0.0138305
0 -0.00718461
0 -0.000617071
0 0.0033902
0 0.00546934
0 0.00746135
0 0.00752444
0 0.00484691
0 0.00198593
0 0.000310971
0 0.000322799
0 0.000460943
0 0.000420053
0 8.25255e-05
0 -0.000279576
0 -0.000536311
0 -0.000668633
0 -0.000794089
0 -0.00093182
0 -0.00108598
0 -0.00124126
0 -0.00139472
0 -0.00154434
0 -0.00169439
0 -0.0018624
0 -0.002047
0 -0.00223244
0 -0.00243409
0 -0.00266441
0 -0.00290176
0 -0.00319973
0 -0.00354394
0 -0.00389174
0 -0.00430415
0 -0.00478784
0 -0.00528416
0 -0.00604318
0 -0.00709962
0 -0.00817372
0 -0.00939416
0 -0.0109539
0 -0.0125751
0 -0.0161222
0 -0.0234145
0 -0.0311852
0 -0.0396425
0 -0.0472757
0 -0.047842
0 -0.0466281
0 -0.0458539
0 -0.0473261
0 -0.0498404
0 -0.0522395
0 -0.053298
0 -0.0539157
0 -0.054547
0 -0.0546297
0 -0.0546862
0 -0.0546624
0 -0.0535541
0 -0.0522045
0 -0.0510859
0 -0.050505
0 -0.0501868
0 -0.0490357
0 -0.0432556
0 -0.036113
0 -0.0292772
0 -0.0228512
0 -0.016455
0 -0.0115731
0 -0.0107441
0 -0.0105874
0 -0.0101993
0 -0.00911988
0 -0.00791421
0 -0.00691819
0 -0.00632019
0 -0.00576689
0 -0.00521861
0 -0.00468813
0 -0.00416172
0 -0.00365777
0 -0.00321622
0 -0.0027852
0 -0.00231707
0 -0.00177524
0 -0.00122479
0 -0.000718113
0 -0.000329094
0 4.19891e-05
0 0.000848546
0 0.00267585
0 0.00464522
0 0.00555997
0 0.00403382
0 0.00220773
0 0.00125509
0 0.00110331
0 0.0010377
0 0.00247383
0 0.00553245
0 0.00866659
0 0.0112214
0 0.0127141
0 0.0140878
0 0.0153215
0 0.0164291
0 0.0175336
0 0.0184008
0 0.0188945
0 0.0193616
0 0.0197061
0 0.0198229
0 0.0199192
0 0.0198924
0 0.0197055
0 0.0195146
0 0.0192561
0 0.0188916
0 0.0185217
0 0.0181084
0 0.0176522
0 0.0171984
0 0.0167238
0 0.0162262
0 0.0157318
0 0.0152506
0 0.0147874
0 0.0143275
0 0.0138435
0 0.0133197
0 0.0128012
0 0.0132715
0 0.0131004
0 0.0109932
0 0.00888808
0 0.00748536
0 0.00666924
0 0.00587433
0 0.00524593
0 0.00485434
0 0.00448851
0 0.0042268
0 0.00404074
0 0.00385831
0 0.00373815
0 0.00369335
0 0.00365595
0 0.00366838
0 0.00372321
0 0.0037823
0 0.00395471
0 0.00427597
0 0.0046075
0 0.00494761
0 0.00530009
0 0.00573612
0 0.00741215
0 0.0100481
0 0.0127713
0 0.0178425
0 0.0258371
0 0.0333734
0 0.0308718
0 0.0207913
0 0.010923
0 0.0069946
0 0.0079055
0 0.00893737
0 0.00916446
0 0.00828372
0 0.00732545
0 0.00662486
0 0.00648546
0 0.00642004
0 0.00632459
0 0.00616562
0 0.00600167
0 0.00589973
0 0.00585732
0 0.00581759
0 0.00579047
0 0.00578911
0 0.0057913
0 0.00580869
0 0.00585073
0 0.00589546
0 0.00595372
0 0.00603303
0 0.00611454
0 0.0062094
0 0.00632716
0 0.00644749
0 0.00657957
0 0.00673622
0 0.00689632
0 0.00707063
0 0.00728299
0 0.00750204
0 0.00772157
0 0.00794174
0 0.00816678
0 0.00850894
0 0.00897806
0 0.00944545
0 0.00959504
0 0.00934854
0 0.012826
0 0.0221453
0 0.0176224
0 0.0117122
0 0.0070851
0 0.0057176
0 0.0048632
0 0.00410914
0 0.00356307
0 0.00304275
0 0.0025521
0 0.00227076
0 0.00208029
0 0.00190615
0 0.00175951
0 0.00161559
0 0.0014805
0 0.00138892
0 0.00131074
0 0.00123724
0 0.00117802
0 0.00112149
0 0.00107011
0 0.00103177
0 0.000995488
0 0.000962363
0 0.000937628
0 0.00091427
0 0.000893082
0 0.000878878
0 0.000866077
0 0.000854703
0 0.000849387
0 0.000845664
0 0.000843015
0 0.000846361
0 0.000851753
0 0.000858118
0 0.000870949
0 0.000886465
0 0.000903257
0 0.000928975
0 0.000958507
0 0.000989881
0 0.00103174
0 0.00107732
0 0.00113084
0 0.0012117
0 0.00129855
0 0.0013904
0 0.00148973
0 0.00159
0 0.0017751
0 0.00215712
0 0.00256549
0 0.00286384
0 0.00298338
0 0.00311023
0 0.00475423
0 0.00879727
0 0.0129534
0 0.00645224
0 -0.00415941
0 -0.00461421
0 -0.00483177
0 -0.00444878
0 -0.00334868
0 -0.00222046
0 -0.00154793
0 -0.00142252
0 -0.00132576
0 -0.0011749
0 -0.000983333
0 -0.000793628
0 -0.000658378
0 -0.000571959
0 -0.00048731
0 -0.000406746
0 -0.000333645
0 -0.000261802
0 -0.000198895
0 -0.000144067
0 -8.95211e-05
0 -3.6191e-05
0 1.24643e-05
0 5.99807e-05
0 0.000107086
0 0.000153024
0 0.000198762
0 0.000244896
0 0.000291868
0 0.000338972
0 0.000387742
0 0.000439482
0 0.000491606
0 0.000547345
0 0.00060824
0 0.000669801
0 0.000738391
0 0.000814327
0 0.000891758
0 0.000983221
0 0.00108401
0 0.00118511
0 0.00130738
0 0.00147297
0 0.00164375
0 0.00181271
0 0.00198025
0 0.00215858
0 0.00258209
0 0.00324842
0 0.00389227
0 0.00411094
0 0.00403437
0 0.00414847
0 0.00750162
0 0.0135076
0 0.018928
0 0.0147004
0 0.00358739
0 -0.00393732
0 -0.00906549
0 -0.0138823
0 -0.0140875
0 -0.0104817
0 -0.00677773
0 -0.00432159
0 -0.00417887
0 -0.00428732
0 -0.00424288
0 -0.00376654
0 -0.00321794
0 -0.00282628
0 -0.00265208
0 -0.00249396
0 -0.0023384
0 -0.00218569
0 -0.00203386
0 -0.00190789
0 -0.00181426
0 -0.00172274
0 -0.00163914
0 -0.00157104
0 -0.00150474
0 -0.00144146
0 -0.0013906
0 -0.00134318
0 -0.00130195
0 -0.00126679
0 -0.0012319
0 -0.0011999
0 -0.00117516
0 -0.0011519
0 -0.00113334
0 -0.00111811
0 -0.00110298
0 -0.00109131
0 -0.00108598
0 -0.00108132
0 -0.00107783
0 -0.00107992
0 -0.00108386
0 -0.00109233
0 -0.00110559
0 -0.00111914
0 -0.0011378
0 -0.00116605
0 -0.00119539
0 -0.00122952
0 -0.00127605
0 -0.0013246
0 -0.00138445
0 -0.00147231
0 -0.00156464
0 -0.00166824
0 -0.00178926
0 -0.00191178
0 -0.00209749
0 -0.00249749
0 -0.00294292
0 -0.00332822
0 -0.0035408
0 -0.00383581
0 -0.00615628
0 -0.0102234
0 -0.0142745
0 -0.0152719
0 -0.0115731
0 -0.00722499
0 -0.00303497
0 -0.0012864
0 -0.00145598
0 -0.00166961
0 -0.0016299
0 -0.00128274
0 -0.000943162
0 -0.000806066
0 -0.000763729
0 -0.000721882
0 -0.000675222
0 -0.00061974
0 -0.000565608
0 -0.0123407
0 -0.0123407
