0 -4.68602e-05
0 0.00013012
0 0.000549787
0 0.0010182
0 0.000678235
0 -0.00108651
0 -0.00425728
0 -0.00840412
0 -0.0127084
0 -0.0156122
0 -0.0145863
0 -0.00667964
0 0.00937886
0 0.0316613
0 0.0560987
0 0.074707
0 0.0764969
0 0.0756489
0 0.0757828
0 0.0773952
0 0.0781664
0 0.0688875
0 0.0726824
0 0.0876994
0 0.0838937
0 0.0187798
0 0.000614233
0 -0.000365905
0 0.0034565
0 0.0198173
0 0.0477322
0 0.0662183
0 0.0741315
0 0.0757988
0 0.0729661
0 0.0606041
0 0.0408852
0 0.0608482
0 0.0729916
0 0.0762774
0 0.0768486
0 0.076938
0 0.0769354
0 0.0769473
0 0.0769363
0 0.0769474
0 0.0769364
0 0.0769483
0 0.0769454
0 0.077006
0 0.0771076
0 0.0759344
0 0.0629529
0 0.0137721
0 -0.0357953
0 -0.058798
