-696.182 1041.84
-696.124 1042.84
-696.067 1043.84
-696.008 1044.84
-695.949 1045.84
-695.89 1046.83
-695.83 1047.83
-695.769 1048.83
-695.708 1049.83
-695.646 1050.83
-695.584 1051.82
-695.521 1052.82
-695.457 1053.82
-695.393 1054.82
-695.329 1055.82
-695.264 1056.81
-695.198 1057.81
-695.132 1058.81
-695.065 1059.81
-694.998 1060.81
-694.93 1061.8
-694.861 1062.8
-694.792 1063.8
-694.723 1064.8
-694.653 1065.79
-694.582 1066.79
-694.511 1067.79
-694.439 1068.79
-694.367 1069.78
-694.294 1070.78
-694.221 1071.78
-694.147 1072.78
-694.073 1073.77
-693.998 1074.77
-693.922 1075.77
-693.846 1076.76
-693.769 1077.76
-693.692 1078.76
-693.614 1079.76
-693.536 1080.75
-693.457 1081.75
-693.377 1082.75
-693.297 1083.74
-693.216 1084.74
-693.135 1085.74
-693.053 1086.73
-692.97 1087.73
-692.887 1088.73
-692.804 1089.72
-692.719 1090.72
-692.634 1091.72
-692.549 1092.71
-692.463 1093.71
-692.376 1094.7
-692.289 1095.7
-692.2 1096.7
-692.112 1097.69
-692.022 1098.69
-691.932 1099.68
-691.842 1100.68
-691.75 1101.68
-691.658 1102.67
-691.566 1103.67
-691.472 1104.66
-691.378 1105.66
-691.283 1106.65
-691.187 1107.65
-691.091 1108.64
-690.994 1109.64
-690.896 1110.64
-690.797 1111.63
-690.698 1112.63
-690.597 1113.62
-690.496 1114.62
-690.394 1115.61
-690.291 1116.6
-690.187 1117.6
-690.083 1118.59
-689.977 1119.59
-689.87 1120.58
-689.763 1121.58
-689.654 1122.57
-689.545 1123.56
-689.434 1124.56
-689.322 1125.55
-689.209 1126.55
-689.095 1127.54
-688.979 1128.53
-688.863 1129.53
-688.745 1130.52
-688.625 1131.51
-688.504 1132.5
-688.382 1133.5
-688.258 1134.49
-688.133 1135.48
-688.005 1136.47
-687.876 1137.46
-687.745 1138.46
-687.612 1139.45
-687.477 1140.44
-687.339 1141.43
-687.199 1142.42
-687.056 1143.41
-686.911 1144.4
-686.762 1145.39
-686.61 1146.38
-686.454 1147.36
-686.292 1148.35
-686.126 1149.33
-685.957 1150.32
-685.785 1151.31
-685.602 1152.29
-685.394 1153.26
-685.183 1154.23
-685.007 1155.25
-684.572 1156.04
-683.707 1156.47
-682.615 1156.7
-681.511 1156.9
-680.519 1157.19
-679.598 1157.53
-678.692 1157.87
-677.752 1158.17
-676.783 1158.43
-675.806 1158.68
-674.833 1158.93
-673.863 1159.16
-672.891 1159.38
-671.914 1159.59
-670.933 1159.79
-669.949 1159.97
-668.964 1160.14
-667.977 1160.31
-666.989 1160.46
-665.998 1160.6
-665.007 1160.72
-664.013 1160.84
-663.019 1160.95
-662.024 1161.05
-661.028 1161.13
-660.031 1161.21
-659.033 1161.28
-658.035 1161.34
-657.036 1161.39
-656.037 1161.43
-655.037 1161.46
-654.037 1161.48
-653.037 1161.49
-652.037 1161.49
-651.037 1161.48
-650.037 1161.46
-649.038 1161.44
-648.038 1161.4
-647.039 1161.36
-646.04 1161.31
-645.042 1161.25
-644.045 1161.17
-643.048 1161.09
-642.052 1161
-641.057 1160.91
-640.063 1160.8
-639.07 1160.68
-638.078 1160.55
-637.088 1160.41
-636.099 1160.26
-635.111 1160.1
-634.126 1159.93
-633.143 1159.75
-632.161 1159.56
-631.182 1159.35
-630.206 1159.14
-629.233 1158.91
-628.263 1158.66
-627.298 1158.4
-626.336 1158.13
-625.379 1157.84
-624.428 1157.53
-623.484 1157.2
-622.548 1156.84
-621.621 1156.47
-620.706 1156.06
-619.804 1155.63
-618.921 1155.16
-618.065 1154.64
-617.245 1154.07
-616.476 1153.43
-615.789 1152.7
-615.368 1151.82
-615.173 1150.82
-615.065 1149.78
-614.918 1148.77
-614.723 1147.8
-614.522 1146.83
-614.35 1145.85
-614.206 1144.86
-614.082 1143.86
-613.968 1142.86
-613.859 1141.87
-613.756 1140.88
-613.662 1139.88
-613.578 1138.88
-613.503 1137.89
-613.434 1136.89
-613.372 1135.89
-613.316 1134.89
-613.267 1133.89
-613.223 1132.89
-613.185 1131.9
-613.152 1130.9
-613.124 1129.9
-613.101 1128.9
-613.083 1127.9
-613.068 1126.9
-613.058 1125.9
-613.052 1124.9
-613.05 1123.9
-613.051 1122.9
-613.056 1121.9
-613.064 1120.9
-613.076 1119.9
-613.091 1118.9
-613.108 1117.9
-613.129 1116.9
-613.152 1115.9
-613.178 1114.9
-613.207 1113.9
-613.238 1112.9
-613.272 1111.9
-613.308 1110.9
-613.346 1109.9
-613.386 1108.9
-613.429 1107.9
-613.474 1106.9
-613.52 1105.9
-613.569 1104.91
-613.62 1103.91
-613.672 1102.91
-613.726 1101.91
-613.782 1100.91
-613.84 1099.91
-613.899 1098.91
-613.959 1097.92
-614.022 1096.92
-614.085 1095.92
-614.151 1094.92
-614.217 1093.93
-614.285 1092.93
-614.354 1091.93
-614.425 1090.93
-614.497 1089.93
-614.569 1088.94
-614.644 1087.94
-614.719 1086.94
-614.795 1085.95
-614.872 1084.95
-614.95 1083.95
-615.029 1082.96
-615.109 1081.96
-615.19 1080.96
-615.272 1079.97
-615.355 1078.97
-615.438 1077.97
-615.522 1076.98
-615.606 1075.98
-615.691 1074.98
-615.777 1073.99
-615.863 1072.99
-615.95 1071.99
-616.037 1071
-616.124 1070
-616.211 1069.01
-616.299 1068.01
-616.386 1067.01
-616.474 1066.02
-616.561 1065.02
-616.649 1064.02
-616.735 1063.03
-616.822 1062.03
-616.907 1061.04
