-13.79 -4.918 344.2 -0
-14.17 -4.809 344.2 -0
-14.65 -4.673 344.2 -0
-13.71 -4.998 336.2 -0.1098
-12.81 -5.427 331.7 -0.1098
-11.95 -5.942 326.4 -0.05486
-11.13 -6.517 324 -0.05492
-10.35 -7.134 320.2 -0.05484
-9.58 -7.778 318.7 4.999e-05
-8.828 -8.438 319.1 -1.013e-05
-8.079 -9.102 319.1 -9.472e-06
-7.324 -9.758 318.7 4.802e-05
-6.554 -10.39 320.2 0.05496
-5.766 -11.01 324.2 0.05481
-4.962 -11.6 325.7 -7.842e-05
-4.146 -12.18 325 6.873e-05
-3.31 -12.74 326.3 0.05504
-2.445 -13.24 331.4 0.1099
-1.542 -13.67 338 0.1098
-0.6013 -14 344.2 0.1098
0.371 -14.22 350.5 0.1098
1.363 -14.33 356.8 0.1098
2.363 -14.33 3.082 0.1098
3.357 -14.22 9.374 0.1098
4.334 -14.01 15.67 0.1098
5.28 -13.68 21.96 0.1098
6.185 -13.26 28.25 0.1098
7.04 -12.74 34.54 0.1098
7.833 -12.13 40.84 0.1098
8.547 -11.43 47.12 0.1098
9.172 -10.66 53.44 0.1098
9.72 -9.824 59.64 0.1099
10.21 -8.95 66.25 0.1096
10.66 -8.051 71.36 0.05417
11.05 -7.13 72.44 -0.0002396
11.37 -6.183 72.25 -2.045e-05
11.63 -5.212 71.93 0.0003215
11.85 -4.227 73.4 0.05539
12.05 -3.238 77.49 0.05431
12.23 -2.251 78.5 4.652e-06
12.39 -1.263 79.6 0.05551
12.53 -0.272 83.84 0.05422
12.66 0.7202 84.66 -0.05637
12.83 1.705 78.44 -0.11
13.08 2.67 72.14 -0.1099
13.42 3.604 65.84 -0.1099
13.88 4.492 59.55 -0.1099
14.43 5.325 53.25 -0.1099
15.07 6.092 46.96 -0.1099
15.92 6.916 46.19 -2.608
15.26 6.204 44.98 -0.09073
14.49 5.518 38.68 -0.1091
13.69 4.946 32.61 -0.1091
