-13.79 -4.918 344.2 -0
-14.17 -4.809 344.2 -0
-14.65 -4.673 344.2 -0
-13.71 -4.998 336.2 -0.1098
-12.81 -5.426 331.7 -0.1098
-11.95 -5.943 326.4 -0.05486
-11.13 -6.517 324 -0.05492
-10.35 -7.135 320.2 -0.05484
-9.581 -7.779 318.7 4.999e-05
-8.828 -8.437 319.1 -1.013e-05
-8.079 -9.101 319.1 -9.472e-06
-7.326 -9.759 318.7 4.802e-05
-6.556 -10.4 320.2 0.05496
-5.766 -11.01 324.2 0.05481
-4.961 -11.6 325.7 -7.842e-05
-4.144 -12.18 325 6.873e-05
-3.31 -12.74 326.3 0.05504
-2.447 -13.24 331.4 0.1099
-1.545 -13.67 338 0.1098
-0.603 -14 344.2 0.1098
0.3703 -14.22 350.5 0.1098
1.363 -14.33 356.8 0.1098
2.363 -14.33 3.082 0.1098
3.357 -14.22 9.374 0.1098
4.334 -14.01 15.67 0.1098
5.28 -13.68 21.96 0.1098
6.186 -13.26 28.25 0.1098
7.039 -12.74 34.54 0.1098
7.832 -12.13 40.84 0.1098
8.551 -11.43 47.12 0.1098
9.178 -10.66 53.44 0.1098
9.719 -9.824 59.64 0.1099
10.21 -8.946 66.25 0.1096
10.66 -8.048 71.36 0.05417
11.06 -7.13 72.44 -0.0002396
11.38 -6.186 72.25 -2.045e-05
11.63 -5.213 71.93 0.0003215
11.84 -4.225 73.4 0.05539
12.04 -3.236 77.49 0.05431
12.23 -2.251 78.5 4.652e-06
12.4 -1.264 79.6 0.05551
12.53 -0.2739 83.84 0.05422
12.66 0.7189 84.66 -0.05637
12.82 1.705 78.44 -0.11
13.07 2.671 72.14 -0.1099
13.42 3.604 65.84 -0.1099
13.87 4.492 59.55 -0.1099
14.43 5.325 53.25 -0.1099
15.07 6.092 46.96 -0.1099
15.92 6.916 46.19 -2.608
15.25 6.199 44.98 -0.09073
14.49 5.518 38.68 -0.1091
13.69 4.946 32.61 -0.1091
