-13.79 -4.918 344.2 -0
-14.17 -4.809 344.2 -0
-14.65 -4.673 344.2 -0
-13.71 -4.998 336.2 -0.1098
-12.81 -5.426 331.7 -0.1098
-11.96 -5.935 326.4 -0.05486
-11.14 -6.503 324 -0.05492
-10.35 -7.115 320.2 -0.05484
-9.575 -7.755 318.7 4.999e-05
-8.817 -8.412 319.1 -1.013e-05
-8.063 -9.076 319.1 -9.472e-06
-7.308 -9.739 318.7 4.802e-05
-6.543 -10.39 320.2 0.05496
-5.765 -11.03 324.2 0.05481
-4.966 -11.65 325.7 -7.842e-05
-4.143 -12.23 325 6.873e-05
-3.292 -12.76 326.3 0.05504
-2.411 -13.23 331.4 0.1099
-1.499 -13.63 338 0.1098
-0.5584 -13.95 344.2 0.1098
0.4066 -14.17 350.5 0.1098
1.389 -14.29 356.8 0.1098
2.378 -14.3 3.082 0.1098
3.363 -14.2 9.374 0.1098
4.33 -13.99 15.67 0.1098
5.267 -13.67 21.96 0.1098
6.162 -13.24 28.25 0.1098
7.003 -12.72 34.54 0.1098
7.784 -12.11 40.84 0.1098
8.497 -11.42 47.12 0.1098
9.14 -10.66 53.44 0.1098
9.714 -9.841 59.64 0.1099
10.22 -8.977 66.25 0.1096
10.66 -8.076 71.36 0.05417
11.03 -7.145 72.44 -0.0002396
11.35 -6.191 72.25 -2.045e-05
11.62 -5.221 71.93 0.0003215
11.84 -4.238 73.4 0.05539
12.03 -3.246 77.49 0.05431
12.18 -2.247 78.5 4.652e-06
12.33 -1.246 79.6 0.05551
12.48 -0.2469 83.84 0.05422
12.65 0.7459 84.66 -0.05637
12.86 1.725 78.44 -0.11
13.13 2.683 72.14 -0.1099
13.47 3.609 65.84 -0.1099
13.9 4.493 59.55 -0.1099
14.43 5.325 53.25 -0.1099
15.07 6.092 46.96 -0.1099
15.92 6.916 46.19 -2.608
15.39 6.355 44.98 -0.09073
14.49 5.518 38.68 -0.1091
13.69 4.946 32.61 -0.1091
