-13.79 -4.918 344.2 -0
-14.17 -4.809 344.2 -0
-14.65 -4.673 344.2 -0
-13.71 -4.998 336.2 -0.1098
-12.81 -5.426 331.7 -0.1098
-11.96 -5.935 326.4 -0.05486
-11.14 -6.504 324 -0.05492
-10.35 -7.116 320.2 -0.05484
-9.576 -7.756 318.7 4.999e-05
-8.817 -8.413 319.1 -1.013e-05
-8.064 -9.077 319.1 -9.472e-06
-7.308 -9.739 318.7 4.802e-05
-6.544 -10.39 320.2 0.05496
-5.765 -11.03 324.2 0.05481
-4.967 -11.65 325.7 -7.842e-05
-4.144 -12.23 325 6.873e-05
-3.293 -12.76 326.3 0.05504
-2.412 -13.23 331.4 0.1099
-1.501 -13.63 338 0.1098
-0.5599 -13.95 344.2 0.1098
0.4051 -14.17 350.5 0.1098
1.387 -14.29 356.8 0.1098
2.377 -14.3 3.082 0.1098
3.362 -14.2 9.374 0.1098
4.33 -13.99 15.67 0.1098
5.268 -13.67 21.96 0.1098
6.163 -13.24 28.25 0.1098
7.005 -12.72 34.54 0.1098
7.785 -12.11 40.84 0.1098
8.498 -11.42 47.12 0.1098
9.142 -10.66 53.44 0.1098
9.715 -9.84 59.64 0.1099
10.22 -8.976 66.25 0.1096
10.66 -8.075 71.36 0.05417
11.04 -7.144 72.44 -0.0002396
11.35 -6.191 72.25 -2.045e-05
11.62 -5.22 71.93 0.0003215
11.84 -4.238 73.4 0.05539
12.03 -3.246 77.49 0.05431
12.19 -2.248 78.5 4.652e-06
12.33 -1.247 79.6 0.05551
12.48 -0.2476 83.84 0.05422
12.65 0.7451 84.66 -0.05637
12.86 1.724 78.44 -0.11
13.13 2.682 72.14 -0.1099
13.47 3.608 65.84 -0.1099
13.9 4.493 59.55 -0.1099
14.43 5.325 53.25 -0.1099
15.07 6.092 46.96 -0.1099
15.92 6.916 46.19 -2.608
15.39 6.351 44.98 -0.09073
14.49 5.518 38.68 -0.1091
13.69 4.946 32.61 -0.1091
