-13.79 -4.918 344.2 -0
-14.17 -4.809 344.2 -0
-14.65 -4.673 344.2 -0
-13.71 -4.998 336.2 -0.1098
-12.81 -5.427 331.7 -0.1098
-11.96 -5.937 326.4 -0.05486
-11.14 -6.507 324 -0.05492
-10.35 -7.12 320.2 -0.05484
-9.577 -7.761 318.7 4.999e-05
-8.819 -8.417 319.1 -1.013e-05
-8.065 -9.079 319.1 -9.472e-06
-7.309 -9.74 318.7 4.802e-05
-6.545 -10.39 320.2 0.05496
-5.766 -11.03 324.2 0.05481
-4.969 -11.64 325.7 -7.842e-05
-4.147 -12.22 325 6.873e-05
-3.298 -12.76 326.3 0.05504
-2.418 -13.23 331.4 0.1099
-1.507 -13.64 338 0.1098
-0.5671 -13.96 344.2 0.1098
0.3983 -14.18 350.5 0.1098
1.382 -14.3 356.8 0.1098
2.373 -14.31 3.082 0.1098
3.361 -14.21 9.374 0.1098
4.332 -13.99 15.67 0.1098
5.272 -13.67 21.96 0.1098
6.169 -13.25 28.25 0.1098
7.012 -12.72 34.54 0.1098
7.792 -12.11 40.84 0.1098
8.505 -11.42 47.12 0.1098
9.147 -10.66 53.44 0.1098
9.719 -9.839 59.64 0.1099
10.22 -8.973 66.25 0.1096
10.66 -8.071 71.36 0.05417
11.04 -7.14 72.44 -0.0002396
11.36 -6.187 72.25 -2.045e-05
11.63 -5.218 71.93 0.0003215
11.85 -4.236 73.4 0.05539
12.03 -3.246 77.49 0.05431
12.19 -2.25 78.5 4.652e-06
12.34 -1.25 79.6 0.05551
12.48 -0.2512 83.84 0.05422
12.65 0.7413 84.66 -0.05637
12.86 1.721 78.44 -0.11
13.13 2.679 72.14 -0.1099
13.47 3.607 65.84 -0.1099
13.9 4.493 59.55 -0.1099
14.43 5.325 53.25 -0.1099
15.07 6.092 46.96 -0.1099
15.92 6.916 46.19 -2.608
15.37 6.33 44.98 -0.09073
14.49 5.518 38.68 -0.1091
13.69 4.946 32.61 -0.1091
