-13.79 -4.918 344.2 -0
-14.17 -4.809 344.2 -0
-14.65 -4.673 344.2 -0
-13.71 -4.998 336.2 -0.1098
-12.81 -5.427 331.7 -0.1098
-11.95 -5.94 326.4 -0.05486
-11.13 -6.514 324 -0.05492
-10.35 -7.131 320.2 -0.05484
-9.581 -7.775 318.7 4.999e-05
-8.826 -8.433 319.1 -1.013e-05
-8.073 -9.093 319.1 -9.472e-06
-7.315 -9.745 318.7 4.802e-05
-6.548 -10.39 320.2 0.05496
-5.767 -11.01 324.2 0.05481
-4.969 -11.62 325.7 -7.842e-05
-4.151 -12.2 325 6.873e-05
-3.308 -12.75 326.3 0.05504
-2.434 -13.24 331.4 0.1099
-1.527 -13.65 338 0.1098
-0.5877 -13.98 344.2 0.1098
0.3798 -14.2 350.5 0.1098
1.367 -14.32 356.8 0.1098
2.363 -14.33 3.082 0.1098
3.356 -14.22 9.374 0.1098
4.333 -14 15.67 0.1098
5.281 -13.68 21.96 0.1098
6.185 -13.26 28.25 0.1098
7.033 -12.73 34.54 0.1098
7.814 -12.12 40.84 0.1098
8.524 -11.42 47.12 0.1098
9.161 -10.66 53.44 0.1098
9.728 -9.832 59.64 0.1099
10.23 -8.964 66.25 0.1096
10.66 -8.061 71.36 0.05417
11.04 -7.13 72.44 -0.0002396
11.36 -6.178 72.25 -2.045e-05
11.63 -5.211 71.93 0.0003215
11.86 -4.232 73.4 0.05539
12.05 -3.245 77.49 0.05431
12.22 -2.253 78.5 4.652e-06
12.36 -1.258 79.6 0.05551
12.5 -0.2625 83.84 0.05422
12.65 0.7294 84.66 -0.05637
12.84 1.711 78.44 -0.11
13.1 2.672 72.14 -0.1099
13.45 3.603 65.84 -0.1099
13.89 4.491 59.55 -0.1099
14.43 5.325 53.25 -0.1099
15.07 6.092 46.96 -0.1099
15.92 6.916 46.19 -2.608
15.3 6.252 44.98 -0.09073
14.49 5.518 38.68 -0.1091
13.69 4.946 32.61 -0.1091
