-13.79 -4.918 344.2 -0
-14.17 -4.809 344.2 -0
-14.65 -4.673 344.2 -0
-13.71 -4.998 336.2 -0.1098
-12.81 -5.427 331.7 -0.1098
-11.95 -5.938 326.4 -0.05486
-11.14 -6.509 324 -0.05492
-10.35 -7.124 320.2 -0.05484
-9.578 -7.765 318.7 4.999e-05
-8.82 -8.421 319.1 -1.013e-05
-8.067 -9.082 319.1 -9.472e-06
-7.311 -9.741 318.7 4.802e-05
-6.546 -10.39 320.2 0.05496
-5.767 -11.02 324.2 0.05481
-4.97 -11.64 325.7 -7.842e-05
-4.149 -12.22 325 6.873e-05
-3.301 -12.75 326.3 0.05504
-2.423 -13.23 331.4 0.1099
-1.513 -13.64 338 0.1098
-0.5733 -13.96 344.2 0.1098
0.3923 -14.19 350.5 0.1098
1.377 -14.31 356.8 0.1098
2.37 -14.32 3.082 0.1098
3.36 -14.21 9.374 0.1098
4.333 -14 15.67 0.1098
5.275 -13.68 21.96 0.1098
6.174 -13.25 28.25 0.1098
7.018 -12.73 34.54 0.1098
7.799 -12.11 40.84 0.1098
8.511 -11.42 47.12 0.1098
9.152 -10.66 53.44 0.1098
9.722 -9.837 59.64 0.1099
10.22 -8.971 66.25 0.1096
10.66 -8.068 71.36 0.05417
11.04 -7.137 72.44 -0.0002396
11.36 -6.184 72.25 -2.045e-05
11.63 -5.216 71.93 0.0003215
11.85 -4.235 73.4 0.05539
12.04 -3.246 77.49 0.05431
12.2 -2.251 78.5 4.652e-06
12.34 -1.252 79.6 0.05551
12.49 -0.2545 83.84 0.05422
12.65 0.7379 84.66 -0.05637
12.86 1.718 78.44 -0.11
13.12 2.677 72.14 -0.1099
13.46 3.606 65.84 -0.1099
13.89 4.492 59.55 -0.1099
14.43 5.325 53.25 -0.1099
15.07 6.092 46.96 -0.1099
15.92 6.916 46.19 -2.608
15.35 6.309 44.98 -0.09073
14.49 5.518 38.68 -0.1091
13.69 4.946 32.61 -0.1091
