-13.79 -4.918 344.2 -0
-14.17 -4.809 344.2 -0
-14.65 -4.673 344.2 -0
-13.71 -4.998 336.2 -0.1098
-12.81 -5.426 331.7 -0.1098
-11.95 -5.944 326.4 -0.05486
-11.13 -6.517 324 -0.05492
-10.35 -7.135 320.2 -0.05484
-9.582 -7.781 318.7 4.999e-05
-8.828 -8.438 319.1 -1.013e-05
-8.078 -9.1 319.1 -9.472e-06
-7.326 -9.76 318.7 4.802e-05
-6.559 -10.4 320.2 0.05496
-5.768 -11.01 324.2 0.05481
-4.958 -11.6 325.7 -7.842e-05
-4.141 -12.17 325 6.873e-05
-3.31 -12.73 326.3 0.05504
-2.449 -13.24 331.4 0.1099
-1.547 -13.67 338 0.1098
-0.6045 -14 344.2 0.1098
0.3699 -14.22 350.5 0.1098
1.363 -14.33 356.8 0.1098
2.363 -14.33 3.082 0.1098
3.358 -14.22 9.374 0.1098
4.334 -14.01 15.67 0.1098
5.28 -13.69 21.96 0.1098
6.186 -13.26 28.25 0.1098
7.039 -12.74 34.54 0.1098
7.831 -12.13 40.84 0.1098
8.551 -11.43 47.12 0.1098
9.189 -10.66 53.44 0.1098
9.725 -9.827 59.64 0.1099
10.19 -8.94 66.25 0.1096
10.66 -8.045 71.36 0.05417
11.06 -7.128 72.44 -0.0002396
11.39 -6.191 72.25 -2.045e-05
11.64 -5.216 71.93 0.0003215
11.83 -4.223 73.4 0.05539
12.03 -3.233 77.49 0.05431
12.23 -2.25 78.5 4.652e-06
12.41 -1.266 79.6 0.05551
12.54 -0.276 83.84 0.05422
12.66 0.7176 84.66 -0.05637
12.82 1.704 78.44 -0.11
13.07 2.671 72.14 -0.1099
13.42 3.604 65.84 -0.1099
13.87 4.492 59.55 -0.1099
14.43 5.325 53.25 -0.1099
15.07 6.092 46.96 -0.1099
15.92 6.916 46.19 -2.608
15.25 6.193 44.98 -0.09073
14.49 5.518 38.68 -0.1091
13.69 4.946 32.61 -0.1091
