-13.79 -4.918 344.2 -0
-14.17 -4.809 344.2 -0
-14.65 -4.673 344.2 -0
-13.71 -4.998 336.2 -0.1098
-12.81 -5.427 331.7 -0.1098
-11.95 -5.938 326.4 -0.05486
-11.14 -6.51 324 -0.05492
-10.35 -7.126 320.2 -0.05484
-9.578 -7.768 318.7 4.999e-05
-8.821 -8.424 319.1 -1.013e-05
-8.068 -9.084 319.1 -9.472e-06
-7.311 -9.741 318.7 4.802e-05
-6.546 -10.39 320.2 0.05496
-5.767 -11.02 324.2 0.05481
-4.97 -11.63 325.7 -7.842e-05
-4.15 -12.22 325 6.873e-05
-3.303 -12.75 326.3 0.05504
-2.425 -13.23 331.4 0.1099
-1.516 -13.64 338 0.1098
-0.5763 -13.97 344.2 0.1098
0.3895 -14.19 350.5 0.1098
1.374 -14.31 356.8 0.1098
2.368 -14.32 3.082 0.1098
3.359 -14.22 9.374 0.1098
4.333 -14 15.67 0.1098
5.277 -13.68 21.96 0.1098
6.176 -13.25 28.25 0.1098
7.021 -12.73 34.54 0.1098
7.802 -12.11 40.84 0.1098
8.514 -11.42 47.12 0.1098
9.154 -10.66 53.44 0.1098
9.724 -9.836 59.64 0.1099
10.22 -8.97 66.25 0.1096
10.66 -8.066 71.36 0.05417
11.04 -7.135 72.44 -0.0002396
11.36 -6.183 72.25 -2.045e-05
11.63 -5.214 71.93 0.0003215
11.86 -4.235 73.4 0.05539
12.04 -3.246 77.49 0.05431
12.2 -2.252 78.5 4.652e-06
12.35 -1.254 79.6 0.05551
12.49 -0.2561 83.84 0.05422
12.65 0.7362 84.66 -0.05637
12.85 1.716 78.44 -0.11
13.12 2.676 72.14 -0.1099
13.46 3.605 65.84 -0.1099
13.89 4.492 59.55 -0.1099
14.43 5.325 53.25 -0.1099
15.07 6.092 46.96 -0.1099
15.92 6.916 46.19 -2.608
15.34 6.298 44.98 -0.09073
14.49 5.518 38.68 -0.1091
13.69 4.946 32.61 -0.1091
