-13.79 -4.918 344.2 -0
-14.17 -4.809 344.2 -0
-14.65 -4.673 344.2 -0
-13.71 -4.998 336.2 -0.1098
-12.81 -5.427 331.7 -0.1098
-11.95 -5.94 326.4 -0.05486
-11.13 -6.515 324 -0.05492
-10.35 -7.132 320.2 -0.05484
-9.581 -7.777 318.7 4.999e-05
-8.827 -8.436 319.1 -1.013e-05
-8.076 -9.097 319.1 -9.472e-06
-7.318 -9.749 318.7 4.802e-05
-6.549 -10.39 320.2 0.05496
-5.766 -11.01 324.2 0.05481
-4.968 -11.62 325.7 -7.842e-05
-4.151 -12.2 325 6.873e-05
-3.309 -12.74 326.3 0.05504
-2.438 -13.24 331.4 0.1099
-1.532 -13.66 338 0.1098
-0.5926 -13.98 344.2 0.1098
0.3763 -14.21 350.5 0.1098
1.365 -14.33 356.8 0.1098
2.363 -14.33 3.082 0.1098
3.356 -14.22 9.374 0.1098
4.333 -14.01 15.67 0.1098
5.281 -13.68 21.96 0.1098
6.187 -13.26 28.25 0.1098
7.038 -12.74 34.54 0.1098
7.82 -12.12 40.84 0.1098
8.529 -11.42 47.12 0.1098
9.163 -10.66 53.44 0.1098
9.728 -9.83 59.64 0.1099
10.23 -8.961 66.25 0.1096
10.66 -8.058 71.36 0.05417
11.04 -7.129 72.44 -0.0002396
11.36 -6.178 72.25 -2.045e-05
11.63 -5.21 71.93 0.0003215
11.86 -4.231 73.4 0.05539
12.06 -3.244 77.49 0.05431
12.22 -2.253 78.5 4.652e-06
12.37 -1.26 79.6 0.05551
12.5 -0.2653 83.84 0.05422
12.65 0.7264 84.66 -0.05637
12.84 1.709 78.44 -0.11
13.09 2.671 72.14 -0.1099
13.44 3.603 65.84 -0.1099
13.88 4.492 59.55 -0.1099
14.43 5.325 53.25 -0.1099
15.07 6.092 46.96 -0.1099
15.92 6.916 46.19 -2.608
15.28 6.234 44.98 -0.09073
14.49 5.518 38.68 -0.1091
13.69 4.946 32.61 -0.1091
