0 8
1 2.66257
2.01961 2.66257
3.04355 3.10701
4.07186 4.05528
5.10298 3.91255
6.13213 4.23985
7.15562 4.94137
8.17185 6.20702
9.181 8
10.1845 8
11.1842 8
12.1822 8
13.1799 8
14.1781 8
15.177 8
16.1766 8
17.1767 8
18.1769 8
19.1771 8
20.1773 8
21.1774 8
22.1774 8
23.1772 8
24.177 8
25.1766 8
26.1762 8
27.1758 8
28.1759 8
29.1765 8
30.178 7.73228
31.1806 5.7044
32.1843 4.69562
33.1885 4.23017
34.1928 4.14234
35.1961 3.58846
36.1974 3.16383
37.1961 2.87389
38.1918 2.67876
39.185 2.55491
40.1764 2.48753
41.1672 2.46644
42.1585 2.48389
43.1514 2.53341
44.1464 2.60916
45.1435 2.7057
46.1426 2.818
47.1432 2.94156
48.1448 3.07255
49.1467 3.20799
50.1488 3.3458
51.1506 3.48472
52.1522 3.62417
53.1534 3.76396
54.1543 3.90413
55.1551 4.04468
56.1557 4.18548
57.1561 4.32627
58.1565 4.46661
59.1568 4.6061
60.157 4.74435
61.1572 4.88105
62.1574 5.0158
63.1575 5.14798
64.1575 5.27692
65.1575 5.40241
66.1575 5.52522
67.1576 5.64675
68.1579 5.76771
69.1581 5.88642
70.158 5.99838
71.1574 6.09832
72.1564 6.1837
73.1554 6.25647
74.1553 6.32015
75.1571 6.37361
76.1608 6.40736
77.1658 6.40854
78.1695 6.37448
79.169 6.32597
80.1613 6.31044
81.1446 6.3951
82.1197 6.66085
83.0891 7.20718
84.0569 8
85.0276 8
86.0042 8
86.9885 8
87.98 8
88.9772 8
89.978 8
90.9803 8
91.9826 8
92.9843 8
93.9852 8
94.9855 8
95.9854 8
96.9852 8
97.985 8
98.9849 8
99.9849 8
100.985 8
101.985 8
102.985 8
103.985 8
104.985 8
105.985 8
106.985 8
107.985 8
108.985 8
109.985 8
110.985 8
111.985 8
112.985 8
113.985 8
114.985 8
115.985 8
116.985 8
117.985 8
118.985 8
119.985 8
120.985 8
121.985 8
122.985 8
123.985 8
124.985 8
125.985 8
126.985 8
127.985 8
128.985 8
129.985 8
130.985 8
131.985 8
132.985 8
133.985 8
134.985 8
135.985 8
136.985 8
137.985 8
138.985 8
139.985 8
140.985 8
141.985 8
142.985 8
143.985 8
144.985 8
145.985 8
146.985 8
147.985 8
148.985 8
149.985 8
150.985 8
151.985 8
152.985 8
153.985 8
154.985 8
155.985 8
156.985 8
157.985 8
158.985 8
159.985 8
160.985 8
161.985 8
162.985 8
163.985 8
164.985 8
165.985 8
166.985 8
167.985 8
168.985 8
169.985 8
170.985 8
171.985 8
172.985 8
173.985 8
174.985 8
175.985 8
176.985 8
177.985 8
178.985 8
179.985 8
180.985 8
181.985 8
182.985 8
183.985 8
184.985 8
185.985 8
186.985 8
187.985 8
188.985 8
189.985 8
190.985 8
191.985 8
192.985 8
193.985 8
194.985 8
195.985 8
196.985 8
197.985 8
198.985 8
199.985 8
200.985 8
201.985 8
202.985 8
203.985 8
204.985 8
205.985 8
206.985 8
207.985 8
208.985 8
209.985 8
210.985 8
211.985 8
212.985 8
213.985 8
214.985 8
215.985 8
216.985 8
217.985 8
218.985 8
219.985 8
220.985 8
221.985 8
222.985 8
223.985 8
224.985 8
225.985 8
226.985 8
227.985 8
228.985 8
229.985 8
230.985 8
231.985 8
232.985 8
233.985 8
234.985 8
235.985 8
236.985 8
237.985 8
238.985 8
239.985 8
240.985 8
241.985 8
242.985 8
243.985 8
244.985 8
245.985 8
246.985 8
247.985 8
248.985 8
249.985 8
250.985 8
251.985 8
252.985 8
253.985 8
254.985 8
255.985 8
256.985 8
257.985 8
258.985 8
259.985 8
260.985 8
261.985 8
262.985 8
263.985 8
264.985 8
265.985 8
266.985 8
267.985 8
268.985 8
269.985 8
270.985 8
271.985 8
272.985 8
273.985 8
274.985 8
275.985 8
276.985 8
277.985 8
278.985 8
279.985 8
280.985 8
281.985 8
282.985 8
283.985 8
284.985 8
285.985 8
286.985 8
287.985 8
288.985 8
289.985 8
290.985 8
291.985 8
292.985 8
293.985 8
294.985 8
295.985 8
296.985 8
297.985 8
298.985 8
299.985 8
300.985 8
301.985 8
302.985 8
303.985 8
304.985 8
305.985 8
306.985 8
307.985 8
308.985 8
309.985 8
310.985 8
311.985 8
312.985 8
313.985 8
314.985 8
315.985 8
316.985 8
317.985 8
318.985 8
319.985 8
320.985 8
321.983 8
322.982 8
323.982 8
324.984 8
325.988 8
326.993 8
327.998 8
328.997 8
329.989 8
330.97 8
331.943 8
332.909 8
333.873 7.88821
334.841 7.57903
335.815 7.49724
336.797 7.5924
337.787 7.82031
338.784 8
339.785 8
340.788 8
341.79 8
342.792 8
343.793 8
344.793 8
345.793 8
346.793 8
347.793 8
348.793 8
349.793 8
350.793 8
351.793 8
352.793 8
353.793 8
354.793 8
355.793 8
356.793 8
357.793 8
358.793 8
359.793 8
360.793 8
361.793 8
362.793 8
363.793 8
364.793 8
365.793 8
366.793 8
367.793 8
368.793 8
369.793 8
370.793 8
371.793 8
372.793 8
373.793 8
374.793 8
375.793 7.67437
376.793 7.36677
377.793 7.14213
378.793 7.00892
379.793 6.97312
380.793 7.04071
381.793 7.21963
382.793 7.52138
383.793 7.96264
384.792 8
385.792 8
386.792 8
387.792 8
388.792 8
389.792 8
390.793 8
391.793 8
392.793 8
393.793 8
394.793 8
395.793 8
396.793 8
397.793 8
398.793 8
399.793 8
400.793 8
401.793 8
402.793 8
403.793 8
404.793 8
405.793 8
406.793 8
407.793 8
408.793 8
409.793 7.84497
410.793 7.39986
411.793 6.89562
412.793 6.40271
413.793 6.00193
414.793 5.75656
415.793 5.71711
416.793 7.77182
417.793 7.77182
418.794 7.77182
419.794 7.77182
420.795 7.77182
421.795 7.77182
422.796 7.77182
423.796 7.77182
424.796 7.77182
425.796 8
426.796 8
427.796 8
428.796 8
429.796 8
430.796 8
431.796 8
432.796 8
433.796 8
434.796 8
435.796 8
436.796 8
437.796 8
438.796 8
439.796 8
440.796 8
441.796 8
442.796 8
443.796 8
444.796 8
445.796 8
446.796 8
447.796 8
448.796 8
449.796 8
450.796 8
451.796 8
452.796 7.97621
453.796 7.47217
454.796 7.04688
455.796 6.69768
456.796 6.41757
457.796 6.19759
458.796 6.02804
459.796 5.89908
460.796 5.80104
461.796 5.7247
462.796 5.6619
463.796 5.60636
464.796 5.5541
465.796 5.50285
466.796 5.45051
467.796 5.39378
468.796 5.32887
469.796 5.25461
470.795 5.17573
471.796 5.10253
472.796 5.04549
473.797 5.00744
474.798 4.97781
475.799 4.93375
476.797 4.8516
477.793 4.72544
478.788 4.57762
479.784 4.44882
480.784 4.37761
481.792 4.38806
482.809 4.48984
483.836 4.68446
484.868 4.97189
485.902 5.35513
486.934 5.84048
487.959 6.43122
488.976 7.11244
489.985 7.83166
490.988 8
491.987 8
492.985 8
493.983 8
494.981 8
495.98 8
496.979 8
497.98 8
498.98 8
499.98 8
500.98 8
501.98 8
502.98 8
503.98 8
504.98 8
505.98 8
506.98 8
507.98 8
508.98 8
509.98 8
510.98 8
511.98 8
512.98 8
513.98 8
514.98 8
515.98 8
516.98 8
517.98 8
518.98 8
519.98 8
520.98 8
521.98 8
522.98 8
523.98 8
524.98 8
525.98 8
526.98 8
527.98 8
528.98 8
529.98 8
530.98 8
531.98 8
532.98 8
533.98 8
534.98 8
535.98 8
536.98 8
537.98 8
538.98 8
539.98 8
540.98 8
541.98 8
542.98 7.787
543.981 7.318
544.981 6.81937
545.982 6.32972
546.982 5.87935
547.983 5.4864
548.983 5.15847
549.983 4.89631
550.983 4.69711
551.982 4.55679
552.981 4.4713
553.98 4.43731
554.979 4.45257
555.978 4.51614
556.978 4.62864
557.977 4.79272
558.976 5.01387
559.976 5.30192
560.976 5.67385
561.976 6.15938
562.976 6.81316
563.976 7.74539
564.977 8
565.977 8
566.978 8
567.978 8
568.978 8
569.979 8
570.979 7.51868
571.979 6.64946
572.98 6.02818
573.98 5.56002
574.98 5.19603
575.981 4.90774
576.981 4.67665
577.981 4.48924
578.981 4.33465
579.981 4.20369
580.981 4.08869
581.981 3.98402
582.981 3.88673
583.98 3.79693
584.98 3.71777
585.979 3.65476
586.978 3.61501
587.977 3.60661
588.975 7.49971
589.973 7.49971
590.971 7.49971
591.969 7.49971
592.968 7.49971
593.968 7.49971
594.967 7.49971
595.968 7.49971
596.969 7.49971
597.969 7.49971
598.97 7.49971
599.971 7.49971
600.971 7.49971
601.971 7.49971
602.972 7.49971
603.972 7.49971
604.972 7.49971
605.971 7.54245
606.971 7.62985
607.971 7.74208
608.971 7.86747
609.971 8
610.971 8
611.971 8
612.971 8
613.971 8
614.971 8
615.971 8
616.971 8
617.971 8
618.971 8
619.971 8
620.971 8
621.971 8
622.971 8
623.971 8
624.971 8
625.971 8
626.971 8
627.971 8
628.971 8
629.971 8
630.971 0
631.971 8
632.971 8
633.971 8
634.971 8
635.971 8
636.971 8
637.971 8
638.971 8
639.971 8
640.971 8
641.971 8
642.971 8
643.971 8
644.971 8
645.971 8
646.971 8
647.971 8
648.971 8
649.971 8
650.971 8
651.971 8
652.971 8
653.971 8
654.971 8
655.971 8
656.971 8
657.971 8
658.971 8
659.971 8
660.971 8
661.971 8
662.971 8
663.971 8
664.971 8
665.971 8
666.971 8
667.971 8
668.971 8
669.971 8
670.971 8
671.972 8
672.972 8
673.972 7.77102
674.972 7.0247
675.972 6.5357
676.972 6.21533
677.971 6.01301
678.971 5.89673
679.971 5.84433
680.971 5.83917
681.97 5.86797
682.97 5.91969
683.97 5.98513
684.97 6.05695
685.97 6.12973
686.97 6.20009
687.97 6.26656
688.97 6.32925
689.97 6.38931
690.97 6.44831
691.97 6.5078
692.97 6.56898
693.97 6.63265
694.97 6.69922
695.97 6.76893
696.97 6.8419
697.97 6.91823
698.97 6.998
699.97 7.08123
700.97 7.16795
701.97 7.2582
702.97 7.35212
703.97 7.44988
704.97 7.55165
705.97 7.65757
706.97 7.76774
707.97 7.88247
708.97 8
709.97 8
710.97 8
711.97 8
712.97 8
713.97 8
714.97 8
715.97 8
716.97 8
717.971 8
718.972 8
719.972 8
720.971 8
721.968 8
722.964 8
723.961 8
724.962 8
725.968 8
726.98 8
727.999 8
729.022 7.50757
730.047 6.60413
731.069 6.00105
732.087 5.63359
733.098 5.45688
734.105 5.44053
735.106 5.56094
736.106 5.79431
737.104 6.11119
738.102 6.47374
739.101 6.83768
740.1 7.16082
741.1 7.41677
742.1 7.60824
743.1 7.77325
744.1 7.98389
745.101 8
746.101 8
747.101 8
748.101 8
749.101 8
750.101 8
751.101 8
752.101 8
753.101 8
754.101 8
755.101 8
756.101 8
757.101 8
758.101 8
759.101 7.17449
760.101 6.07283
761.1 5.45624
762.099 5.09736
763.098 4.89831
764.097 4.80851
765.096 4.797
766.096 4.797
767.096 4.797
768.096 4.797
769.095 4.797
770.094 4.797
771.094 4.797
772.094 4.797
773.096 4.797
774.101 4.797
775.107 4.797
776.112 4.797
777.112 4.797
778.103 4.797
779.084 4.797
780.055 4.797
781.019 3.13756
781.98 4.16792
782.946 4.16792
783.918 4.16792
784.9 4.16792
785.891 4.16792
786.888 4.16792
787.889 4.16792
788.892 4.16792
789.894 4.16792
790.896 4.16792
791.896 4.16792
792.896 4.16792
793.896 4.16792
794.897 4.16792
795.9 4.16792
796.903 4.16792
797.908 4.16792
798.912 4.16792
799.915 4.16792
800.916 4.16792
801.914 4.16792
802.909 4.16792
803.901 4.16792
804.889 4.16792
805.874 4.16792
806.863 4.16792
807.86 2.2168
808.876 2.25635
809.916 2.3642
810.978 2.52372
812.045 2.68642
813.082 1.14176
814.041 1.14176
814.862 0.397668
815.485 0.397668
816.614 1
817.675 1
818.691 1
819.68 1
820.659 1
821.638 1
822.622 1
823.613 1
824.609 1
825.609 1
826.611 1
827.613 1
828.614 1
829.614 1
830.614 1
831.613 1
832.612 1
833.614 1
834.635 1
