0 0
1 0.509302
2.00178 0.759176
2.99809 0.999494
3.97594 1.14902
4.94335 1.36199
5.91444 1.55829
6.89179 1.73701
7.87478 1.90067
8.86254 2.05201
9.85422 2.19327
10.8489 2.32617
11.8458 2.45199
12.8441 2.57171
13.8432 2.68612
14.8428 2.79581
15.8426 2.90123
16.8426 3.00268
17.8426 3.10012
18.8426 3.1928
19.8426 3.27825
20.8426 3.34949
21.8426 3.38788
22.8426 3.36598
23.8426 3.3204
24.8426 3.26508
25.8426 3.2053
26.8426 3.14304
27.8426 3.079
28.8426 3.0134
29.8426 2.94625
30.8426 2.87751
31.8426 2.80706
32.8426 2.73478
33.8425 2.66053
34.8425 2.58412
35.8426 2.50535
36.8428 2.42398
37.8433 2.33969
38.8448 2.25213
39.8477 2.1608
40.853 2.06516
41.8615 1.96448
42.8732 1.85792
43.8877 1.74447
44.903 1.62282
45.9163 1.49131
46.9242 1.34765
47.9243 1.18886
48.9156 1.0118
49.8998 0.816671
50.8805 0.816671
51.8581 1.0185
52.8339 1.11924
53.8116 1.04822
54.7926 0.896009
55.7753 0.700047
56.7577 0.577296
57.7394 0.331793
58.729 0.327376
59.728 0.31854
60.7148 0
