0 0
1 0.774597
2.00014 1.09548
2.99998 1.34164
3.99941 1.54908
4.99857 1.7318
5.9978 1.89702
6.99742 2.04901
7.99764 2.19057
8.99851 2.3236
9.99989 2.44948
11.0015 2.56923
12.0031 2.68363
13.0044 2.79332
14.0051 2.89881
15.0053 3.00053
16.0052 3.09889
17.0051 3.19422
18.0053 3.28682
19.0061 3.37693
20.0076 3.43427
21.0092 3.37544
22.0103 3.31559
23.01 3.25473
24.0076 3.19283
25.003 3.12987
25.9965 3.06572
26.9895 3.00024
27.9841 2.93319
28.9832 2.86426
29.9893 2.79312
31.0045 2.71946
32.0292 2.64302
33.0621 2.64302
34.1003 2.63123
35.1401 2.55097
36.1779 2.46827
37.2112 2.38307
38.2395 2.29515
39.2635 2.20412
40.285 2.10939
41.3058 2.01027
42.3269 1.90598
43.3484 1.7956
44.3694 1.67802
45.3888 1.55178
46.4052 1.41472
47.4176 1.26353
48.4249 1.0925
49.4265 0.890465
50.4215 0.62844
51.4088 0
