0 8 0.0262976
0 8 0.0262976
0 8 0.0154036
0 8 0.00561798
0 8 -0.00285747
0 8 -0.00995858
0 8 -0.0157238
0 8 -0.0202367
0 8 -0.0235786
0 8 -0.0258134
0 8 -0.027005
0 8 -0.0272523
0 8 -0.026711
0 8 -0.0255792
0 8 -0.0240503
0 8 -0.0222605
0 8 -0.0202688
0 8 -0.0180812
0 8 -0.0157038
0 8 -0.0131864
0 8 -0.0106213
0 8 -0.00809182
0 8 -0.00559791
0 8 -0.00300534
0 8 -5.09997e-05
0 8 0.00358525
0 8 0.00815131
0 8 0.0136653
0 8 0.01979
0 8 0.0258262
0 8 0.0308849
0 8 0.0341909
0 8 0.0353593
0 8 0.0344811
0 8 0.031997
0 8 0.0284754
0 8 0.0244322
0 8 0.0202505
0 8 0.0161845
0 8 0.0124
0 8 0.00901544
0 8 0.00612376
0 8 0.00379319
0 8 0.00205451
0 8 0.000888637
0 8 0.000225582
0 8 -4.21756e-05
0 8 -3.71234e-05
0 8 0.000125785
0 8 0.000354535
0 8 0.000586094
0 8 0.000784848
0 8 0.000936727
0 8 0.00104205
0 8 0.00110901
0 8 0.00114871
0 8 0.0011719
0 8 0.00118724
0 8 0.00120076
0 8 0.00121601
0 8 0.00123469
0 8 0.00125726
0 8 0.00128349
0 8 0.00131281
0 8 0.00134456
0 8 0.00137814
0 8 0.00141315
0 8 0.00144961
0 8 0.00148805
0 8 0.00152958
0 8 0.00157567
0 8 0.00162765
0 8 0.0016862
0 8 0.00175069
0 8 0.00181896
0 8 0.0018875
0 8 0.00195216
0 8 0.00200937
0 8 0.00205758
0 8 0.00209848
0 8 0.00213774
0 8 0.00218494
0 8 0.00225258
0 8 0.00235434
0 8 0.00250288
0 8 0.00270757
0 8 0.00297261
0 8 0.00329585
0 8 0.00366853
0 8 0.00407595
0 8 0.00449896
0 8 0.00491604
0 8 0.00530559
0 8 0.00564814
0 8 0.00592828
0 8 0.00613589
0 8 0.00626679
0 8 0.00632257
0 8 0.00630986
0 8 0.00623917
0 8 0.00612336
0 8 0.00597618
0 8 0.00581086
0 8 0.005639
0 8 0.00546987
0 8 0.0053101
0 8 0.00516378
0 8 0.00503289
0 8 0.00491781
0 8 0.00481788
0 8 0.00473186
0 8 0.00465809
0 8 0.00459468
0 8 0.00453951
0 8 0.00449047
0 8 0.00444581
0 8 0.00440467
0 8 0.00436755
0 8 0.00433657
0 8 0.00431511
0 8 0.00430693
0 8 0.00431484
0 8 0.00433916
0 8 0.00437677
0 8 0.00442101
0 8 0.00446287
0 8 0.00449349
0 8 0.00450744
0 8 0.00450609
0 8 0.00450018
0 8 0.00451052
0 8 0.00456653
0 8 0.00470234
0 8 0.00495105
0 8 0.00533818
0 8 0.0058755
0 8 0.0065565
0 8 0.00735453
0 8 0.00822395
0 8 0.00910447
0 8 0.00992778
0 8 0.0106257
0 8 0.0111384
0 8 0.0114216
0 8 0.0114514
0 8 0.0112264
0 8 0.0107666
0 8 0.0101097
0 8 0.0093053
0 8 0.00840898
0 8 0.00747563
0 8 0.0065545
0 8 0.00568549
0 8 0.00489719
0 8 0.00420655
0 8 0.00361982
0 8 0.00313444
0 8 0.00274139
0 8 0.00242768
0 8 0.00217864
0 8 0.00197979
0 8 0.00181814
0 8 0.00168299
0 8 0.00156616
0 8 0.00146188
0 8 0.00136631
0 8 0.00127715
0 8 0.00119302
0 8 0.00111318
0 8 0.00103718
0 8 0.000964765
0 8 0.000895754
0 8 0.000830011
0 8 0.000767407
0 8 0.000707787
0 8 0.000650947
0 8 0.000596632
0 8 0.000544558
0 8 0.000494453
0 8 0.000446095
0 8 0.000399341
0 8 0.000354123
0 8 0.000310424
0 8 0.000268241
0 8 0.000227553
0 8 0.000188293
0 8 0.00015033
0 8 0.000113446
0 8 7.73185e-05
0 8 4.15112e-05
0 8 5.49968e-06
0 8 -3.12414e-05
0 8 -6.91003e-05
0 8 -0.000108174
0 8 -0.000148176
0 8 -0.000188477
0 8 -0.000228335
0 8 -0.000267278
0 8 -0.000305517
0 8 -0.000344212
0 8 -0.000385415
0 8 -0.00043157
0 8 -0.000484647
0 8 -0.000545123
0 8 -0.000611194
0 8 -0.000678589
0 8 -0.000741289
0 8 -0.000793174
0 8 -0.000830319
0 8 -0.000853372
0 8 -0.000869272
0 8 -0.000891611
0 8 -0.000939178
0 8 -0.00103266
0 8 -0.00118996
0 8 -0.00142105
0 8 -0.00172341
0 8 -0.00207933
0 8 -0.00245573
0 8 -0.00280687
0 8 -0.00307969
0 8 -0.00322091
0 8 -0.00318466
0 8 -0.00293942
0 8 -0.0024729
0 8 -0.00179418
0 8 -0.000932772
0 8 6.50748e-05
0 8 0.0011422
0 8 0.00223732
0 8 0.00329179
0 8 0.0042553
0 8 0.00508987
0 8 0.00577188
0 8 0.00629201
0 8 0.00665379
0 8 0.00687095
0 8 0.0069644
0 8 0.00695919
0 8 0.0068817
0 8 0.00675714
0 8 0.00660742
0 8 0.00644932
0 8 0.00629307
0 8 0.00614155
0 8 0.00599034
0 8 0.00582876
0 8 0.00564222
0 8 0.00541531
0 8 0.0051356
0 8 0.00479713
0 8 0.00440313
0 8 0.00396724
0 8 0.00351278
0 8 0.0030703
0 8 0.00267362
0 8 0.00235502
0 8 0.00214058
0 8 0.00204637
0 8 0.0020761
0 8 0.00222063
0 8 0.00245937
0 8 0.00276312
0 8 0.00309793
0 8 0.00342926
0 8 0.0037259
0 8 0.00396304
0 8 0.0041243
0 8 0.00420242
0 8 0.0041989
0 8 0.00412263
0 8 0.00398779
0 8 0.00381154
0 8 0.00361162
0 8 0.00340421
0 8 0.00320241
0 8 0.00301527
0 8 0.00284754
0 8 0.0027001
0 8 0.002571
0 8 0.00245682
0 8 0.00235426
0 8 0.00226129
0 8 0.00217804
0 8 0.00210688
0 8 0.00205215
0 8 0.00201922
0 8 0.00201325
0 8 0.00203762
0 8 0.00209258
0 8 0.00217431
0 8 0.00227495
0 8 0.00238337
0 8 0.00248643
0 8 0.00257034
0 8 0.00262183
0 8 0.00262947
0 8 0.00258527
0 8 0.00248614
0 8 0.00233455
0 8 0.00213758
0 8 0.00190459
0 8 0.00164492
0 8 0.00136698
0 8 0.00107921
0 8 0.000791999
0 8 0.000518561
0 8 0.000273183
0 8 6.72193e-05
0 8 -9.5187e-05
0 8 -0.000219213
0 8 -0.000318212
0 8 -0.000409726
0 8 -0.000509758
0 8 -0.000626622
0 8 -0.000756205
0 8 -0.000881072
0 8 -0.000975071
0 8 -0.00101207
0 8 -0.000974392
0 8 -0.000856555
0 8 -0.000663574
0 8 -0.00040636
0 8 -9.75959e-05
0 8 0.000250186
0 8 0.000624495
0 8 0.00101196
0 8 0.00139787
0 8 0.00176711
0 8 0.00210642
0 8 0.00240716
0 8 0.0026674
0 8 0.00289217
0 8 0.00309185
0 8 0.00327931
0 8 0.00346695
0 8 0.00366472
0 8 0.00387924
0 8 0.00411418
0 8 0.00437119
0 8 0.00465117
0 8 0.00495507
0 8 0.00528411
0 8 0.00563922
0 8 0.00601964
0 8 0.00642129
0 8 0.00683526
0 8 0.0072469
0 8 0.00763616
0 8 0.00797917
0 8 0.00825128
0 8 0.0084308
0 8 0.00850289
0 8 0.00846261
0 8 0.00831692
0 8 0.00808497
0 8 0.00779643
0 8 0.00748768
0 8 0.00719641
0 8 0.00695614
0 8 0.00679214
0 8 0.00671964
0 8 0.00674328
0 8 0.0068566
0 8 0.00704092
0 8 0.00726521
0 8 0.00748943
0 8 0.00767318
0 8 0.00778733
0 8 0.00782266
0 8 0.0077886
0 8 0.00769977
0 8 0.00755642
0 8 0.00733133
0 8 0.00697454
0 8 0.00643917
0 8 0.00571821
0 8 0.00487043
0 8 0.00401373
0 8 0.00327972
0 8 0.00274716
0 8 0.002385
0 8 0.00202921
0 8 0.001404
0 8 0.00018881
0 8 -0.00187377
0 8 -0.00485449
0 8 -0.00855333
0 8 -0.0125177
0 8 -0.0161776
0 8 -0.0190331
0 8 -0.0207919
0 8 -0.0213991
0 8 -0.0209774
0 8 -0.0197364
0 8 -0.017903
0 8 -0.0156878
0 8 -0.0132803
0 8 -0.0108553
0 8 -0.00857596
0 8 -0.00658498
0 8 -0.0049875
0 8 -0.00383324
0 8 -0.00310854
0 8 -0.00274294
0 8 -0.00262769
0 8 -0.00263902
0 8 -0.00265873
0 8 -0.00258819
0 8 -0.00235564
0 8 -0.00191825
0 8 -0.00126125
0 8 -0.000395327
0 8 0.000646958
0 8 0.00181572
0 8 0.00304918
0 8 0.00427988
0 8 0.00544126
0 8 0.00647403
0 8 0.00733171
0 8 0.00798455
0 8 0.0084215
0 8 0.00864991
0 8 0.00869326
0 8 0.00858727
0 8 0.0083752
0 8 0.0081029
0 8 0.00781437
0 8 0.00754808
0 8 0.00733422
0 8 0.00719292
0 8 0.00713344
0 8 0.00715426
0 8 0.00724432
0 8 0.00738541
0 8 0.00755564
0 8 0.00773364
0 8 0.00790286
0 8 0.0080548
0 8 0.00819036
0 8 0.0083183
0 8 0.00845065
0 8 0.00859579
0 8 0.00875034
0 8 0.008892
0 8 0.00897526
0 8 0.00893184
0 8 0.00867665
0 8 0.00811882
0 8 0.00717613
0 8 0.00578997
0 8 0.00393792
0 8 0.00164114
0 8 -0.00103477
0 8 -0.00398556
0 8 -0.0070794
0 8 -0.0101714
0 8 -0.0131192
0 8 -0.0157977
0 8 -0.0181118
0 8 -0.0200051
0 8 -0.0214644
0 8 -0.0225178
0 8 -0.0232266
0 8 -0.0236743
0 8 -0.0239533
0 8 -0.0241534
0 8 -0.0243534
0 8 -0.0246155
0 8 -0.0249818
0 8 -0.0254727
0 8 -0.0260874
0 8 -0.0268089
0 8 -0.0276121
0 8 -0.0284747
0 8 -0.0293868
0 8 -0.0303527
0 8 -0.031382
0 8 -0.0324731
0 8 -0.0335931
0 8 -0.0346682
0 8 -0.0355917
0 8 -0.0362563
0 8 -0.0366036
0 8 -0.0366742
0 8 -0.0366324
0 8 -0.0367513
0 8 -0.0373615
0 8 -0.0387863
0 8 -0.0412905
0 8 -0.0450515
0 8 -0.0501521
0 8 -0.056581
0 8 -0.0642377
0 8 -0.0729479
0 8 -0.0729479
