0 0 0.075
1 0.387298 0.075
2.0339 0.682221 0.163058
3.07805 0.846254 0.0770585
4.10852 0.935391 0.0340585
5.10704 0.971068 -0.00894152
6.06871 1.02322 0.0444678
7.01196 1.10755 0.084742
7.98768 1.1736 0.073507
8.9679 1.17934 0.00662517
9.95206 1.17317 -0.0213748
10.9358 1.18253 -0.000695499
11.9168 1.22086 0.0451769
12.8624 1.28992 0.0819897
13.8147 1.39213 0.130525
14.7924 1.52154 0.18432
15.7967 1.67431 0.24517
16.8189 1.76997 0.0771702
17.8463 1.81421 -0.00682978
18.8675 1.81036 -0.0908298
19.8758 1.78984 -0.051255
20.8705 1.79284 0.00534401
21.8565 1.8465 0.0962725
22.8415 1.92398 0.14389
23.8328 1.99296 0.133922
24.8341 2.00741 0.0289242
25.8448 1.98763 -0.107076
26.8617 1.93208 -0.175076
27.8803 1.83746 -0.243076
28.8969 1.69766 -0.311076
29.9092 1.50075 -0.379076
30.9165 1.22472 -0.381079
31.9193 0.947789 -0.301639
32.9185 0.670114 -0.224464
33.9164 0.387298 -0.149211
34.9164 0 -0.075
35.9164 0.387298 0.075
36.9035 0.666483 0.145195
37.8821 0.81833 0.0851952
38.8589 0.914385 0.0551952
39.8411 0.971866 0.0251952
40.8342 0.99728 -0.00480479
41.8404 0.95417 -0.0788048
42.858 0.866054 -0.115805
43.8832 0.715969 -0.152805
44.9117 0.455349 -0.163327
45.9417 0.219558 -0.0819559
46.8867 0.219558 0
47.4248 0.277776 0.0077899
48.4248 0.480591 0.0769043
49.4248 0.696257 0.126902
50.4285 0.916651 0.178389
51.4336 0.999923 -0.0196111
52.4387 1 0
53.4427 1 0
54.4451 1 0
55.4457 1 0
56.4448 1 0
57.4426 1 0
58.4399 1 0
59.4371 1 0
60.4345 1 0
61.4313 1 0
62.4253 1 0
63.4135 1 0
64.3929 1 0
65.3624 1 0
66.325 1 0
67.2884 1 0
68.2651 1 0
69.2695 1 0
70.3138 1 0
71.4041 1 0
72.5357 1 0
73.6913 1 0
74.8401 0.937141 -0.106
75.9389 0.803294 -0.159
76.9356 0.573012 -0.212
77.7725 0.326205 -0.0943677
78.3906 0.132157 -0.0274881
78.7318 0 -0.00297986
79.7318 0.387298 0.0750001
80.748 0.676264 0.156157
81.7696 0.960648 0.237783
82.7865 1.23812 0.310169
83.7898 1.46114 0.302015
84.7736 1.65082 0.290329
85.7349 1.81714 0.277246
86.6746 1.91692 0.119246
87.597 1.97347 0.040246
88.5086 1.99197 -0.038754
89.4168 2 0
90.3284 2 0
91.2483 2 0
92.1787 2 0
93.1195 2 0
94.0692 2 0
95.0264 2 0
95.9905 2 0
96.9625 2 0
97.9438 2 0
98.9356 2 0
99.9373 2 0
100.946 2 0
101.958 2 0
102.968 2 0
103.973 2 0
104.972 2 0
105.963 2 0
106.949 2 0
107.93 2 0
108.908 2 0
109.878 2 0
110.84 2 0
111.789 2 0
112.722 2 0
113.639 2 0
114.54 2 0
115.431 2 0
116.317 2 0
117.204 2 0
118.099 2 0
119.007 2 0
119.931 2 0
120.873 2 0
121.832 2 0
122.805 2 0
123.791 2 0
124.786 2 0
125.787 2 0
126.791 2 0
127.796 2 0
128.802 2 0
129.807 2 0
130.811 2 0
131.814 2 0
132.815 2 0
133.815 2 0
134.812 2 0
135.808 2 0
136.802 2 0
137.797 2 0
138.795 2 0
139.797 2 0
140.805 2 0
141.819 2 0
142.837 2 0
143.855 2 0
144.871 2 0
145.881 2 0
146.886 2 0
147.889 2 0
148.896 2 0
149.917 2 0
150.957 1.96165 -0.146
152.023 1.88069 -0.219
153.111 1.74941 -0.292
154.211 1.55494 -0.365
155.305 1.27261 -0.4
156.364 0.979418 -0.357353
157.356 0.696661 -0.235004
158.243 0.439828 -0.129438
158.986 0.21817 -0.0542457
159.55 0 -0.0134063
160.55 0.387296 0.0749987
161.561 0.674555 0.15421
162.575 0.834696 0.08421
163.585 0.931046 0.04921
164.588 0.982626 0.01421
165.582 0.9969 -0.02079
166.567 1 0
167.544 1 0
168.512 1 0
169.472 1 0
170.426 1 0
171.381 1 0
172.348 1 0
173.339 1 0
174.364 1 0
175.431 1 0
176.534 1 0
177.66 1 0
178.78 0.939961 -0.104
179.855 0.812263 -0.156
180.84 0.593769 -0.208
181.682 0.352861 -0.100118
182.327 0.153618 -0.0325708
182.724 0 -0.0325708
