0 1.34974
0 1.34974
0 1.34974
0 1.34974
0 1.34974
0 1.34974
0 1.34974
0 1.34974
0 1.34974
0 1.76486
0 1.76486
0 1.32042
0 1.32042
0 1.32042
0 1.32042
0 1.32042
0 1.32042
0 1.32042
0 1.32042
0 1.32042
0 1.32042
0 1.77147
0 1.69859
0 1.63215
0 1.61504
0 1.63551
0 1.65065
0 1.64665
0 1.62982
0 1.6104
0 1.58272
0 1.54873
0 1.54312
0 1.59504
0 1.65448
0 1.72122
0 1.02948
0 1.00739
0 0.234214
0 0.234214
0 0.234214
0 0.234214
0 0.234214
0 0.234214
0 0.234214
0 0.234214
0 0.234214
0 0.234214
0 0.577298
0 0.577298
0 0.577298
0 0.577298
0 0.577298
0 1.7226
0 1.69135
0 1.62779
0 1.59244
0 1.60096
0 1.61934
0 1.63974
0 1.69069
0 1.75339
0 1.82088
0 1.91139
0 1.78625
0 1.6906
0 1.66522
0 1.63981
0 1.62639
0 1.61119
0 1.59316
0 1.57764
0 1.55938
0 1.54226
0 1.53931
0 1.5347
0 1.52648
0 1.53476
0 1.54851
0 1.56362
0 1.59765
0 1.63412
0 1.66836
0 1.71522
0 0.232856
0 0.232856
0 0.232856
0 0.232856
0 0.232856
0 0.232856
0 0.232856
0 0.882751
