0 2.0771
0 2.0771
0 3.38245
0 2.96548
0 2.84939
0 2.79893
0 2.75122
0 2.70086
0 2.65284
0 2.61209
0 2.58184
0 2.56333
0 2.55628
0 2.56015
0 2.57583
0 2.60721
0 2.66183
0 2.75101
0 2.88975
0 3.09748
0 3.40019
0 3.83447
0 4.45435
0 5.34341
0 6.64518
0 8
0 8
0 8
0 7.55525
0 6.34917
0 5.90473
0 4.83229
0 4.15175
0 3.71514
0 3.44202
0 3.28289
0 3.20441
0 3.18259
0 3.19998
0 3.24489
0 3.31123
0 3.39779
0 3.50625
0 3.63874
0 3.79577
0 3.97546
0 4.17361
0 4.3843
0 4.60055
0 4.8148
0 5.01904
0 5.20427
0 5.35922
0 5.47026
0 5.52487
0 5.51915
0 5.46458
0 5.38756
0 5.32127
0 5.29618
0 5.33452
0 5.44845
0 5.63908
0 5.89428
0 6.18586
0 6.4711
0 6.70437
0 6.85749
0 6.93375
0 6.96233
0 6.97951
0 7.01234
0 7.07267
0 7.16059
0 7.27489
0 7.42742
0 7.65498
0 8
0 8
0 8
0 8
0 8
0 8
0 8
0 8
0 7.26934
0 6.61859
0 6.41971
0 6.7341
0 7.0485
0 6.31031
0 6.13859
0 6.13859
0 5.29587
0 4.47248
0 3.95925
0 3.60059
0 3.32837
0 3.10934
0 2.92704
0 2.77359
0 2.64535
0 2.54052
0 2.45798
0 2.39685
0 2.35657
0 2.33705
0 2.33884
0 2.363
0 2.41066
0 2.48206
0 2.57533
0 2.68499
0 2.80115
0 2.91049
0 3.0003
0 3.06441
0 3.10715
0 3.14261
0 3.19088
0 3.27601
0 3.42961
0 3.70526
0 3.39226
0 2.94956
0 2.73609
0 2.72256
0 2.72256
0 2.93029
0 2.87681
0 2.59483
0 2.4247
0 2.32706
0 2.27715
0 2.25545
0 2.24511
0 2.23325
0 2.2134
0 2.1865
0 2.15892
0 2.13894
0 2.13379
0 2.14827
0 2.18471
0 2.24362
0 2.32461
0 2.42758
0 2.55453
0 2.71277
0 2.92235
0 3.23552
0 0.921685
0 0.921685
0 2.45312
0 2.45312
