203.283 -713.643 82.67 0 0.00629022 4
203.41 -712.651 83.03 0 0.00629022 4
203.532 -711.658 83.37 0 0.00593322 4
203.647 -710.665 83.69 0 0.0055895 4
203.757 -709.671 84 0 0.00529294 4
203.861 -708.676 84.28 0 0.00497616 4
203.961 -707.681 84.55 0 0.00478357 4
204.056 -706.686 84.82 0 0.0045843 4
204.146 -705.69 85.07 0 0.00434973 4
204.232 -704.694 85.31 0 0.00416652 4
204.314 -703.697 85.54 0 0.00402314 4
204.392 -702.7 85.76 0 0.00392245 4
204.466 -701.703 85.98 0 0.00380502 4
204.536 -700.706 86.19 0 0.00367851 4
204.602 -699.708 86.39 0 0.00356257 4
204.665 -698.709 86.59 0 0.0034841 4
204.725 -697.711 86.79 0 0.00341266 4
204.781 -696.713 86.98 0 0.00339895 4
204.833 -695.714 87.17 0 0.00331567 4
204.883 -694.715 87.36 0 0.00332544 4
204.929 -693.716 87.55 0 0.00326633 4
204.971 -692.717 87.74 0 0.0032973 4
205.011 -691.718 87.93 0 0.00333414 4
205.047 -690.719 88.13 0 0.00344585 4
205.08 -689.719 88.33 0 0.00349403 4
205.109 -688.72 88.54 0 0.00360424 4
205.134 -687.72 88.76 0 0.00390228 4
205.156 -686.72 88.99 0 0.00408077 4
205.174 -685.719 89.25 0 0.00441121 4
205.187 -684.72 89.52 0 0.00485717 4
205.195 -683.721 89.84 0 0.00554232 4
205.198 -682.724 90.23 0 0.00680577 4
205.194 -681.728 90.76 0 0.00924843 4
205.181 -680.721 91.51 0 0.0127041 4
205.153 -679.662 91.51 0 0.00767223 4
205.118 -678.662 91.77 0 -0.00337713 4
205.087 -677.663 91.63 0 -0.00247723 4
205.059 -676.663 91.52 0 -0.00185073 4
205.032 -675.664 91.44 0 -0.00145944 4
205.007 -674.664 91.37 0 -0.00120307 4
204.983 -673.664 91.31 0 -0.00101373 4
204.96 -672.665 91.26 0 -0.000855632 4
204.938 -671.665 91.22 0 -0.000717307 4
204.917 -670.665 91.19 0 -0.000585923 4
204.896 -669.665 91.16 0 -0.000509797 4
204.876 -668.665 91.13 0 -0.00044537 4
204.856 -667.666 91.11 0 -0.000442024 4
204.837 -666.666 91.09 0 -0.000364642 4
204.818 -665.666 91.07 0 -0.0003164 4
204.799 -664.666 91.06 0 -0.000247244 4
204.781 -663.666 91.04 0 -0.000230587 4
204.763 -662.666 91.03 0 -0.000244116 4
204.745 -661.666 91.02 0 -0.000173834 4
204.727 -660.667 91.01 0 -0.000154892 4
204.709 -659.667 91 0 -0.000172863 4
204.692 -658.667 90.99 0 -0.000135725 4
204.674 -657.667 90.99 0 -8.60262e-05 4
204.657 -656.667 90.98 0 -9.5499e-05 4
204.64 -655.667 90.98 0 -9.16372e-05 4
204.623 -654.668 90.97 0 -0.000111237 4
204.606 -653.668 90.97 0 -4.49922e-05 4
204.589 -652.668 90.97 0 -3.38068e-05 4
204.572 -651.668 90.97 0 -3.86766e-06 4
204.556 -650.668 90.96 0 -3.01625e-05 4
204.539 -649.668 90.96 0 -2.47927e-05 4
204.522 -648.668 90.96 0 -1.06003e-05 4
204.505 -647.669 90.96 0 8.33431e-07 4
204.488 -646.669 90.96 0 1.16429e-05 4
204.472 -645.669 90.96 0 4.62589e-05 4
204.455 -644.669 90.97 0 4.63517e-05 4
204.438 -643.669 90.97 0 6.12058e-05 4
204.421 -642.669 90.97 0 2.49487e-05 4
204.404 -641.669 90.98 0 7.37192e-05 4
204.387 -640.67 90.98 0 6.92741e-05 4
204.37 -639.67 90.99 0 9.05035e-05 4
204.353 -638.67 90.99 0 7.09079e-05 4
204.335 -637.67 91 0 0.000130072 4
204.318 -636.67 91 0 0.000115796 4
204.3 -635.67 91.01 0 0.000109613 4
204.283 -634.67 91.02 0 0.000124065 4
204.265 -633.671 91.03 0 0.000148205 4
204.247 -632.671 91.03 0 0.000157709 4
204.229 -631.671 91.05 0 0.000215395 4
204.211 -630.671 91.06 0 0.000149212 4
204.192 -629.671 91.06 0 0.000158583 4
204.174 -628.671 91.08 0 0.000212894 4
204.155 -627.672 91.09 0 0.000248996 4
204.136 -626.672 91.1 0 0.000218164 4
204.117 -625.672 91.12 0 0.000266781 4
204.097 -624.672 91.13 0 0.000258968 4
204.077 -623.672 91.15 0 0.000240338 4
204.057 -622.673 91.17 0 0.000352289 4
204.037 -621.673 91.19 0 0.000369344 4
204.016 -620.673 91.21 0 0.000327884 4
203.995 -619.673 91.23 0 0.000382386 4
203.974 -618.674 91.25 0 0.000350748 4
203.952 -617.674 91.28 0 0.00046629 4
203.929 -616.674 91.31 0 0.000515673 4
203.907 -615.674 91.34 0 0.000513411 4
203.883 -614.675 91.37 0 0.000599574 4
203.859 -613.675 91.4 0 0.000611227 4
203.835 -612.675 91.44 0 0.000610413 4
203.81 -611.675 91.47 0 0.000555392 4
203.784 -610.676 91.5 0 0.000531139 4
203.758 -609.676 91.54 0 0.000622666 4
203.731 -608.676 91.58 0 0.00079805 4
203.703 -607.677 91.65 0 0.00116264 4
203.675 -606.677 91.74 0 0.00157474 4
203.644 -605.678 91.86 0 0.00210309 4
203.612 -604.678 92.01 0 0.00260233 4
203.577 -603.679 92.18 0 0.00302629 4
203.539 -602.679 92.37 0 0.00320254 4
203.497 -601.68 92.55 0 0.00312493 4
203.453 -600.681 92.71 0 0.00279386 4
203.406 -599.682 92.83 0 0.00215649 4
203.356 -598.684 92.9 0 0.00127982 4
203.306 -597.685 92.92 0 0.000261744 4
203.255 -596.686 92.87 0 -0.00077028 4
203.205 -595.688 92.77 0 -0.00176212 4
203.156 -594.689 92.62 0 -0.00258843 4
203.11 -593.69 92.44 0 -0.00322959 4
203.068 -592.691 92.23 0 -0.003699 4
203.029 -591.692 92 0 -0.00398191 4
202.994 -590.692 91.77 0 -0.00405819 4
202.963 -589.693 91.53 0 -0.0040717 4
202.937 -588.693 91.31 0 -0.00394604 4
202.914 -587.693 91.09 0 -0.00377849 4
202.895 -586.694 90.88 0 -0.00362976 4
202.879 -585.694 90.69 0 -0.00344309 4
202.867 -584.694 90.5 0 -0.00329892 4
202.859 -583.694 90.32 0 -0.00316249 4
202.853 -582.694 90.14 0 -0.00302006 4
202.851 -581.694 89.98 0 -0.00289198 4
202.851 -580.694 89.82 0 -0.0028034 4
202.854 -579.694 89.66 0 -0.00265071 4
202.86 -578.694 89.51 0 -0.00263 4
202.869 -577.694 89.37 0 -0.00253811 4
202.88 -576.694 89.23 0 -0.00243557 4
202.893 -575.694 89.09 0 -0.00240246 4
202.909 -574.694 88.96 0 -0.00231253 4
202.927 -573.694 88.83 0 -0.00229291 4
202.948 -572.695 88.7 0 -0.00217967 4
202.97 -571.695 88.58 0 -0.00207364 4
202.995 -570.695 88.47 0 -0.00203487 4
203.022 -569.696 88.35 0 -0.00197582 4
203.05 -568.696 88.24 0 -0.00192085 4
203.081 -567.697 88.14 0 -0.00183774 4
203.114 -566.697 88.04 0 -0.001778 4
203.148 -565.698 87.94 0 -0.00171824 4
203.184 -564.698 87.84 0 -0.00164577 4
203.221 -563.699 87.75 0 -0.00162404 4
203.261 -562.7 87.66 0 -0.00150688 4
203.301 -561.7 87.58 0 -0.00148213 4
203.344 -560.701 87.5 0 -0.00143196 4
203.387 -559.702 87.42 0 -0.00136927 4
203.432 -558.703 87.35 0 -0.00125609 4
203.479 -557.704 87.28 0 -0.00119467 4
203.526 -556.706 87.21 0 -0.00119822 4
203.575 -555.707 87.15 0 -0.00111532 4
203.625 -554.708 87.09 0 -0.00102462 4
203.675 -553.709 87.03 0 -0.00096715 4
203.727 -552.711 86.98 0 -0.000914469 4
203.78 -551.712 86.93 0 -0.00079331 4
203.833 -550.713 86.89 0 -0.000742272 4
203.888 -549.715 86.85 0 -0.000674093 4
203.943 -548.716 86.82 0 -0.000548001 4
203.998 -547.718 86.79 0 -0.000499025 4
204.054 -546.719 86.77 0 -0.000361129 4
204.11 -545.721 86.76 0 -0.000260675 4
204.167 -544.723 86.75 0 -0.000194903 4
204.224 -543.724 86.74 0 -9.77785e-05 4
204.28 -542.726 86.74 0 3.00405e-05 4
204.337 -541.728 86.75 0 0.000160086 4
204.394 -540.729 86.77 0 0.00037765 4
204.45 -539.731 86.81 0 0.000726085 4
204.506 -538.732 86.88 0 0.00107254 4
204.56 -537.734 86.96 0 0.00146577 4
204.613 -536.735 87.07 0 0.0018819 4
204.664 -535.736 87.2 0 0.00235029 4
204.713 -534.738 87.36 0 0.00273286 4
204.759 -533.739 87.54 0 0.00309689 4
204.802 -532.74 87.73 0 0.00341184 4
204.842 -531.741 87.93 0 0.00345591 4
204.878 -530.741 88.13 0 0.00354384 4
204.911 -529.742 88.33 0 0.00343627 4
204.94 -528.742 88.52 0 0.00332689 4
204.966 -527.742 88.7 0 0.00313996 4
204.988 -526.743 88.87 0 0.00297204 4
205.008 -525.743 89.03 0 0.00273036 4
205.025 -524.743 89.17 0 0.0025672 4
205.039 -523.743 89.31 0 0.00231719 4
205.051 -522.743 89.44 0 0.00224425 4
205.061 -521.743 89.56 0 0.00215046 4
205.069 -520.743 89.68 0 0.0020447 4
205.075 -519.743 89.79 0 0.00199725 4
205.078 -518.743 89.9 0 0.00199536 4
205.08 -517.743 90.02 0 0.00200582 4
205.08 -516.743 90.13 0 0.0020011 4
205.077 -515.743 90.25 0 0.00199229 4
205.073 -514.743 90.37 0 0.0020372 4
205.067 -513.743 90.49 0 0.00209785 4
205.058 -512.743 90.61 0 0.00224082 4
205.047 -511.743 90.75 0 0.00231374 4
205.034 -510.743 90.88 0 0.0024044 4
205.019 -509.744 91.03 0 0.00253528 4
205.001 -508.744 91.18 0 0.00262559 4
204.98 -507.744 91.33 0 0.00263297 4
204.957 -506.744 91.48 0 0.00267716 4
204.931 -505.745 91.64 0 0.00271974 4
204.903 -504.745 91.8 0 0.00288133 4
204.871 -503.746 91.99 0 0.00323116 4
204.836 -502.746 92.21 0 0.00379303 4
204.798 -501.747 92.47 0 0.00452283 4
204.755 -500.748 92.78 0 0.00545445 4
204.706 -499.749 93.15 0 0.00653821 4
204.651 -498.75 93.59 0 0.00760222 4
204.589 -497.752 94.08 0 0.00855516 4
204.518 -496.755 94.62 0 0.00936195 4
204.437 -495.758 95.18 0 0.00987187 4
204.347 -494.762 95.76 0 0.0101566 4
204.246 -493.767 96.34 0 0.0100031 4
204.136 -492.773 96.89 0 0.00959401 4
204.016 -491.781 97.4 0 0.00893724 4
203.887 -490.789 97.86 0 0.00811483 4
203.751 -489.799 98.28 0 0.00725713 4
203.607 -488.81 98.65 0 0.0064127 4
203.456 -487.821 98.96 0 0.00550688 4
203.301 -486.833 99.23 0 0.00470671 4
203.14 -485.846 99.47 0 0.00411524 4
202.976 -484.86 99.67 0 0.00354107 4
202.808 -483.874 99.85 0 0.00312099 4
202.637 -482.889 100 0 0.00270608 4
202.463 -481.904 100.14 0 0.00239246 4
202.287 -480.919 100.27 0 0.00219715 4
202.109 -479.935 100.38 0 0.0020006 4
201.928 -478.952 100.48 0 0.00176811 4
201.746 -477.968 100.58 0 0.00162802 4
201.563 -476.985 100.66 0 0.00145676 4
201.378 -476.002 100.73 0 0.00126141 4
201.192 -475.02 100.8 0 0.00115377 4
201.004 -474.038 100.86 0 0.00108984 4
200.816 -473.056 100.92 0 0.000962393 4
200.627 -472.074 100.97 0 0.000931785 4
200.436 -471.092 101.02 0 0.000811998 4
200.245 -470.11 101.05 0 0.000687 4
200.053 -469.129 101.08 0 0.000413291 4
199.861 -468.148 101.08 0 7.98231e-05 4
199.669 -467.166 101.07 0 -0.000292506 4
199.477 -466.185 101.02 0 -0.000746968 4
199.286 -465.203 100.96 0 -0.00104303 4
199.096 -464.222 100.89 0 -0.00122631 4
198.907 -463.24 100.83 0 -0.00108354 4
198.719 -462.258 100.78 0 -0.000837749 4
198.532 -461.275 100.77 0 -0.000288052 4
198.345 -460.293 100.79 0 0.000430225 4
198.158 -459.311 100.87 0 0.00130227 4
197.969 -458.328 100.99 0 0.00211351 4
197.779 -457.347 101.15 0 0.00290479 4
197.585 -456.365 101.36 0 0.00356101 4
197.388 -455.385 101.58 0 0.0038788 4
197.188 -454.405 101.81 0 0.00398609 4
196.983 -453.426 102.03 0 0.00385347 4
196.774 -452.448 102.23 0 0.0035462 4
196.563 -451.471 102.4 0 0.00296399 4
196.348 -450.494 102.54 0 0.00233898 4
196.131 -449.518 102.63 0 0.00161813 4
195.912 -448.543 102.68 0 0.000939255 4
195.693 -447.567 102.7 0 0.000228964 4
195.473 -446.592 102.68 0 -0.000337796 4
195.253 -445.616 102.63 0 -0.000806062 4
195.035 -444.641 102.56 0 -0.00114736 4
194.817 -443.665 102.48 0 -0.00145373 4
194.601 -442.689 102.39 0 -0.00167849 4
194.387 -441.712 102.28 0 -0.0018018 4
194.174 -440.734 102.17 0 -0.0019331 4
193.963 -439.756 102.06 0 -0.00196237 4
193.754 -438.776 101.95 0 -0.00191396 4
193.546 -437.795 101.84 0 -0.00194756 4
193.341 -436.816 101.73 0 -0.00188691 4
193.138 -435.838 101.63 0 -0.00181381 4
192.938 -434.866 101.52 0 -0.00178805 4
192.741 -433.901 101.42 0 -0.00177843 4
192.547 -432.939 101.32 0 -0.00179866 4
192.343 -431.922 101.22 0 -0.00149679 4
192.091 -430.65 101.22 0 0.00110804 4
191.895 -429.67 101.56 0 0.00468483 4
191.695 -428.69 101.83 0 0.00474417 4
191.49 -427.711 102.11 0 0.00479171 4
191.28 -426.733 102.39 0 0.00488895 4
191.065 -425.757 102.67 0 0.00498555 4
190.846 -424.781 102.96 0 0.00507476 4
190.622 -423.807 103.26 0 0.00515272 4
190.392 -422.833 103.56 0 0.00516937 4
190.158 -421.861 103.86 0 0.00524978 4
189.918 -420.89 104.17 0 0.00542232 4
189.674 -419.92 104.48 0 0.00542025 4
189.424 -418.952 104.8 0 0.00557005 4
189.168 -417.985 105.12 0 0.00561846 4
188.907 -417.02 105.44 0 0.00567042 4
188.641 -416.056 105.77 0 0.00576214 4
188.369 -415.094 106.11 0 0.00580929 4
188.092 -414.133 106.44 0 0.00584843 4
187.809 -413.174 106.78 0 0.00598765 4
187.52 -412.217 107.13 0 0.00595976 4
187.226 -411.261 107.47 0 0.00598911 4
186.925 -410.307 107.82 0 0.00610352 4
186.619 -409.355 108.17 0 0.00605236 4
186.308 -408.405 108.52 0 0.00616265 4
185.99 -407.457 108.87 0 0.00620744 4
185.666 -406.51 109.23 0 0.00617849 4
185.337 -405.566 109.58 0 0.00612867 4
185.002 -404.624 109.93 0 0.0061098 4
184.661 -403.684 110.28 0 0.0061718 4
184.315 -402.746 110.64 0 0.00616664 4
183.962 -401.81 110.99 0 0.00608409 4
183.604 -400.876 111.33 0 0.00602945 4
183.24 -399.945 111.67 0 0.00587357 4
182.871 -399.015 112 0 0.00573306 4
182.496 -398.088 112.31 0 0.0055628 4
182.117 -397.163 112.62 0 0.00539347 4
181.732 -396.24 112.93 0 0.0053732 4
181.342 -395.319 113.24 0 0.00535691 4
180.948 -394.4 113.55 0 0.00546834 4
180.548 -393.484 113.87 0 0.00547653 4
180.144 -392.569 114.18 0 0.00545968 4
179.734 -391.657 114.48 0 0.00522495 4
179.32 -390.747 114.74 0 0.00465309 4
178.901 -389.839 114.96 0 0.00374739 4
178.479 -388.932 115.11 0 0.00258374 4
178.055 -388.026 115.17 0 0.00114806 4
177.63 -387.121 115.14 0 -0.000498788 4
177.205 -386.216 115.02 0 -0.00209462 4
176.782 -385.31 114.82 0 -0.00363721 4
176.362 -384.402 114.53 0 -0.00498369 4
175.947 -383.493 114.19 0 -0.00591018 4
175.537 -382.581 113.81 0 -0.00670101 4
175.134 -381.666 113.4 0 -0.00704305 4
174.736 -380.748 113 0 -0.0071306 4
174.346 -379.828 112.6 0 -0.00688241 4
173.962 -378.904 112.23 0 -0.00655595 4
173.583 -377.979 111.87 0 -0.00621782 4
173.211 -377.051 111.55 0 -0.00564112 4
172.844 -376.121 111.25 0 -0.00518647 4
172.481 -375.189 110.98 0 -0.00475247 4
172.123 -374.255 110.73 0 -0.00430547 4
171.769 -373.32 110.5 0 -0.00401525 4
171.419 -372.383 110.29 0 -0.00368725 4
171.072 -371.445 110.09 0 -0.00341553 4
170.729 -370.506 109.91 0 -0.00321596 4
170.388 -369.566 109.73 0 -0.00303106 4
170.051 -368.624 109.57 0 -0.00282471 4
169.716 -367.682 109.42 0 -0.00265571 4
169.383 -366.739 109.28 0 -0.0025337 4
169.053 -365.795 109.14 0 -0.00237394 4
168.725 -364.85 109.01 0 -0.00222517 4
168.399 -363.905 108.89 0 -0.00206051 4
168.075 -362.959 108.78 0 -0.00192373 4
167.753 -362.012 108.68 0 -0.00179214 4
167.433 -361.065 108.59 0 -0.00161307 4
167.115 -360.117 108.5 0 -0.00148086 4
166.797 -359.17 108.43 0 -0.00131248 4
166.482 -358.222 108.36 0 -0.00113013 4
166.167 -357.274 108.31 0 -0.000956723 4
165.852 -356.324 108.27 0 -0.000764346 4
165.538 -355.371 108.24 0 -0.000529042 4
165.223 -354.414 108.22 0 -0.000261941 4
164.907 -353.456 108.22 0 5.21762e-05 4
164.6 -352.522 108.25 0 0.000475699 4
164.331 -351.706 108.25 0 0.014352 4
164.005 -350.761 110.12 0 0.0192752 4
163.661 -349.822 110.84 0 0.0125877 4
163.305 -348.887 111.27 0 0.00759884 4
162.943 -347.956 111.5 0 0.00403685 4
162.576 -347.025 111.59 0 0.00141505 4
162.208 -346.095 111.54 0 -0.000713076 4
161.841 -345.165 111.4 0 -0.00257354 4
161.476 -344.234 111.15 0 -0.00425917 4
161.115 -343.301 110.82 0 -0.00582437 4
160.76 -342.367 110.4 0 -0.00732083 4
160.411 -341.429 109.9 0 -0.00879066 4
160.071 -340.489 109.31 0 -0.010147 4
159.74 -339.545 108.65 0 -0.0115415 4
159.42 -338.597 107.91 0 -0.0129555 4
159.112 -337.645 107.08 0 -0.014442 4
158.818 -336.689 106.17 0 -0.0159425 4
158.54 -335.728 105.16 0 -0.0175814 4
158.278 -334.763 104.05 0 -0.0193126 4
158.035 -333.792 102.84 0 -0.0211887 4
157.813 -332.817 101.5 0 -0.0232918 4
157.613 -331.836 100.04 0 -0.0256078 4
157.439 -330.851 98.42 0 -0.028158 4
157.292 -329.86 96.64 0 -0.0310936 4
157.177 -328.865 94.67 0 -0.0343267 4
157.095 -327.866 92.48 0 -0.0380291 4
157.052 -326.864 90.07 0 -0.042045 4
157.05 -325.862 87.4 0 -0.0463845 4
157.096 -324.861 84.48 0 -0.0508389 4
157.192 -323.864 81.32 0 -0.0552675 4
157.343 -322.876 77.91 0 -0.0595292 4
157.552 -321.9 74.29 0 -0.063275 4
157.822 -320.94 70.5 0 -0.0663276 4
158.155 -320.001 66.58 0 -0.0687356 4
158.55 -319.087 62.56 0 -0.070373 4
159.009 -318.203 58.48 0 -0.0714655 4
159.531 -317.353 54.36 0 -0.0721423 4
160.112 -316.542 50.19 0 -0.0728228 4
160.752 -315.775 45.98 0 -0.0734431 4
161.447 -315.056 41.72 0 -0.0743852 4
162.193 -314.39 37.39 0 -0.0755301 4
162.987 -313.783 32.99 0 -0.076857 4
163.825 -313.239 28.52 0 -0.0781733 4
164.701 -312.763 24 0 -0.0791853 4
165.611 -312.358 19.45 0 -0.0797187 4
166.549 -312.027 14.91 0 -0.0796079 4
167.51 -311.771 10.43 0 -0.0786826 4
168.487 -311.591 6.06 0 -0.0767967 4
169.475 -311.486 1.83 0 -0.0742633 4
170.47 -311.454 357.78 0 -0.0710042 4
171.465 -311.493 353.93 0 -0.0672914 4
172.456 -311.599 350.31 0 -0.0633444 4
173.441 -311.767 346.91 0 -0.0593286 4
174.415 -311.993 343.74 0 -0.0553536 4
175.376 -312.274 340.78 0 -0.0515032 4
176.322 -312.603 338.02 0 -0.0481776 4
177.251 -312.978 335.42 0 -0.0452099 4
178.161 -313.395 332.97 0 -0.042769 4
179.052 -313.849 330.62 0 -0.0409365 4
179.924 -314.34 328.36 0 -0.0395769 4
180.775 -314.865 326.14 0 -0.0386252 4
181.609 -315.424 323.94 0 -0.0381338 4
182.426 -316.019 321.73 0 -0.0379252 4
183.228 -316.651 319.54 0 -0.0373818 4
184.008 -317.317 317.47 0 -0.0365549 4
184.707 -317.958 315.19 0 0.169455 4
185.259 -318.34 314.718 0 0.169455 4
