-442.647 -608.274 59.05 1 -0.0501487
-442.855 -608.621 57.6763 1 -0.0501487
-443.375 -609.424 55.8638 1 -0.0417512
-443.969 -610.264 53.3223 1 -0.0480078
-444.595 -611.064 50.4257 1 -0.0514337
-445.256 -611.821 47.3889 1 -0.053676
-445.954 -612.54 44.2345 1 -0.0561315
-446.689 -613.217 40.9352 1 -0.0589908
-447.463 -613.849 37.4722 1 -0.0620235
-448.273 -614.431 33.8487 1 -0.0648052
-449.117 -614.959 30.0971 1 -0.0667531
-449.993 -615.428 26.2835 1 -0.067211
-450.896 -615.837 22.5068 1 -0.0656052
-451.824 -616.187 18.8898 1 -0.0616182
-452.773 -616.479 15.5627 1 -0.0553037
-453.738 -616.72 12.644 1 -0.0470874
-454.716 -616.915 10.2227 1 -0.0376618
-455.704 -617.074 8.34735 1 -0.0278321
-456.697 -617.206 7.02169 1 -0.018379
-457.694 -617.319 6.20763 1 -0.00996415
-458.692 -617.423 5.83292 1 -0.00307475
-459.69 -617.523 5.80226 1 0.00201086
-460.687 -617.625 6.01029 1 0.00523782
-461.682 -617.733 6.35451 1 0.00676199
-462.676 -617.847 6.74627 1 0.00690308
-463.669 -617.968 7.11803 1 0.00607037
-464.661 -618.095 7.42602 1 0.00468079
-465.652 -618.226 7.64862 1 0.00309044
-466.643 -618.361 7.78163 1 0.0015533
-467.633 -618.497 7.83213 1 0.000209687
-468.624 -618.634 7.81231 1 -0.000901404
-469.615 -618.769 7.73447 1 -0.00181545
-470.606 -618.903 7.60766 1 -0.0026107
-471.597 -619.034 7.43605 1 -0.00337921
-472.589 -619.162 7.21875 1 -0.00420536
-473.582 -619.285 6.9506 1 -0.00515407
-474.575 -619.404 6.62332 1 -0.00626943
-475.568 -619.516 6.22644 1 -0.00758419
-476.563 -619.621 5.74726 1 -0.0091425
-477.558 -619.716 5.16907 1 -0.0110405
-478.555 -619.801 4.46639 1 -0.0134885
-479.552 -619.872 3.59645 1 -0.0168795
-480.551 -619.926 2.48991 1 -0.0217477
-481.55 -619.959 1.05898 1 -0.028201
-482.55 -619.963 358.12 1 -0.028201
