2.54934
2.54934
2.54934
2.54934
2.54934
2.54934
2.54934
2.54934
2.54934
2.54934
2.54934
2.54934
2.54934
2.54934
2.48405
2.46742
2.49777
2.57111
2.67859
2.80465
2.92704
3.02106
3.02106
3.02106
3.02048
2.95695
2.89455
2.84918
2.83073
2.84428
2.89186
2.97359
3.08828
3.23376
3.4071
3.60494
3.82367
4.05939
4.30794
4.56619
4.83454
5.11828
5.42574
5.76426
6.13533
6.52961
6.65726
6.61959
6.61959
6.61959
6.61959
6.61959
6.61959
6.61959
6.61959
6.61959
6.61959
6.61959
6.19018
6.19018
6.19018
6.19018
6.19018
6.19018
6.19018
6.19018
6.19018
5.81548
5.77235
5.72888
5.68509
5.68509
5.68509
5.68509
5.68509
5.68509
5.68509
5.68509
5.68509
5.68509
5.68509
5.68509
5.68509
5.68509
5.68509
5.68509
5.68509
5.68509
5.68509
5.68509
4.72452
4.72452
4.72452
4.56306
4.51001
4.51001
4.51001
4.51001
4.51001
4.18213
4.1089
4.04018
3.97531
3.97531
3.8487
3.78393
3.71757
3.64971
3.58049
3.50992
3.43791
3.36436
3.28914
3.21211
3.13314
3.05209
2.96884
2.84498
2.74299
2.66638
2.61755
2.59807
2.60854
2.64835
2.71585
2.80846
2.92267
3.05382
3.19627
3.34405
3.49171
3.63495
3.77091
3.89809
4.0163
4.12676
4.23204
4.33556
4.44076
4.55025
4.66527
4.78587
4.91182
5.04358
5.18238
5.32898
5.48211
5.63818
5.79334
5.94729
6.1052
6.27675
6.47547
6.71516
7.00594
7.00594
7.00594
7.00594
7.00594
7.00594
7.00594
7.00594
7.00594
7.00594
6.98058
7.22119
7.95265
8
8
8
8
8
8
8
8
8
8
8
8
8
8
8
8
8
8
8
8
8
8
8
8
8
8
8
8
8
8
8
8
8
8
8
8
8
8
8
8
8
8
8
8
8
8
8
8
8
8
8
8
8
8
8
8
8
8
8
8
8
5.00773
4.95755
4.90687
4.85566
4.85566
4.85566
4.85566
4.85566
4.85566
4.85566
4.85566
4.85566
4.85566
4.85566
4.85566
4.19257
4.1325
4.07155
4.00967
3.94682
3.88296
3.81802
3.75195
3.68469
3.61618
3.54633
3.47508
3.40233
3.32798
3.25191
3.17399
3.09408
3.01202
2.88545
2.76975
2.66811
2.58396
2.52054
2.48058
2.46601
2.47797
2.51698
2.5831
2.67594
2.79418
2.93519
3.09477
3.26713
3.44544
3.62277
3.79345
3.95419
4.10453
4.24637
4.38316
4.51905
4.65804
4.8033
4.95684
5.11976
5.29246
5.47498
5.66742
5.87122
6.09042
6.33134
6.60036
6.60036
6.60036
6.60036
6.60036
6.60036
6.60036
6.60036
6.60036
6.60036
6.60036
6.60036
6.60036
6.60036
6.60036
6.60036
6.60036
6.42095
6.38179
6.99952
8
8
8
8
8
8
8
8
8
8
8
8
8
8
8
8
8
8
8
8
8
8
8
8
8
8
8
8
8
8
8
8
8
8
8
8
8
8
8
8
8
8
8
8
8
8
8
8
8
8
8
8
8
8
8
8
8
8
8
8
8
8
8
8
8
8
8
8
8
8
8
8
8
8
8
8
8
8
8
8
8
8
8
8
8
8
8
8
8
8
8
8
8
8
8
8
8
8
8
8
8
8
8
8
8
8
8
8
8
8
8
8
8
8
8
8
8
8
8
8
8
8
8
8
8
8
8
8
8
8
8
8
8
8
8
8
8
8
8
8
8
8
8
8
8
8
8
8
8
8
8
8
8
8
8
8
8
8
8
6.48386
6.44518
6.40627
6.36713
6.35222
6.60896
7.22952
8
8
8
8
8
8
8
8
8
8
8
8
8
8
8
8
8
8
8
8
8
8
8
8
8
8
8
8
8
8
8
8
8
8
8
8
8
8
8
8
8
8
8
8
8
8
8
8
8
8
8
8
8
8
8
8
8
8
8
8
8
8
8
8
8
8
8
8
8
8
8
8
8
8
4.07879
4.01704
3.95433
3.95433
3.95433
3.75987
3.69272
3.62427
3.62427
3.48331
3.41068
3.33654
3.26079
3.18333
3.10799
3.07557
3.07527
3.09862
3.13852
3.18929
3.24681
3.30842
3.3724
3.43746
3.50259
3.56688
3.62952
3.68993
3.74812
3.80469
3.86043
3.91546
3.96898
4.01964
4.06417
4.09741
4.09741
4.09741
4.09741
3.81607
3.75018
3.68306
3.61425
3.54349
3.47132
3.39896
3.39896
3.47492
5.49052
8
8
8
8
8
8
8
8
8
8
8
8
8
8
8
8
8
8
8
8
8
8
8
8
8
8
8
8
8
8
8
8
8
8
8
8
8
8
8
8
8
8
8
8
8
8
8
8
8
8
8
8
8
8
8
8
8
8
8
8
8
8
8
8
8
8
8
8
8
8
8
8
8
8
8
8
8
8
8
8
8
8
5.82392
5.78082
5.73741
5.69367
5.6496
5.60518
5.57839
5.63232
5.75548
5.93805
6.17128
6.44485
6.7432
7.0456
7.33305
7.59676
7.83866
8
8
8
8
8
8
8
8
8
8
8
8
8
8
8
8
8
8
8
8
8
8
8
8
8
8
8
8
8
8
8
8
8
8
8
8
8
8
8
8
8
8
8
8
8
8
8
8
8
8
8
8
8
8
8
8
8
8
8
8
8
8
8
8
8
8
8
8
8
8
8
8
8
8
8
8
8
8
8
8
8
8
8
8
8
8
8
8
8
8
8
8
8
6.38611
6.34684
6.30733
6.26758
6.22757
6.1873
6.14677
6.10597
6.06489
6.06489
6.06489
6.06489
6.06489
6.06489
6.06489
6.06489
6.06489
6.06489
6.06489
6.06489
6.06489
6.06489
6.06489
6.06489
6.06489
6.06489
6.06489
6.06489
6.06489
6.06489
6.06489
6.06489
6.06489
6.06489
6.06489
6.06489
6.06489
6.06489
6.06489
6.06489
6.06489
6.06489
6.06489
4.3912
4.33386
4.27574
4.21681
4.15705
4.09643
4.03493
3.97251
3.90912
3.84585
3.81858
3.81526
3.82472
3.8377
3.8377
3.8377
3.8377
3.83021
3.80948
3.78549
3.76205
3.7424
3.72829
3.72006
3.71737
3.7198
3.72714
3.73942
3.75677
3.77924
3.80667
3.83872
3.87438
3.91138
3.94633
3.97613
4.00011
4.02144
4.04723
4.08713
4.15166
4.25111
4.39554
4.59539
4.86208
5.20824
5.64733
6.19217
6.85127
7.02998
6.99431
6.99431
6.99431
6.99431
6.99431
6.99431
6.99431
6.99431
6.99431
6.99431
6.99431
6.99431
6.99431
6.99431
6.99431
6.99431
6.99431
6.99431
6.99431
6.99431
6.99431
6.99431
6.99431
6.99431
6.99431
6.99431
6.99431
6.99431
6.99431
6.99431
6.99431
6.99431
5.73754
5.6938
5.64973
5.64973
5.64973
5.64973
5.64973
5.64973
5.64973
5.64973
5.2839
5.23637
5.1884
5.13999
5.09113
5.0418
4.98896
4.97538
4.98847
5.01831
5.05834
5.10557
5.15902
5.21797
5.28154
5.34956
5.42308
5.50356
5.59147
5.68571
5.78448
5.88695
5.99406
6.10746
6.22742
6.35198
6.47859
6.60715
6.74087
6.88316
7.03302
7.1836
7.32614
7.45537
7.57167
7.67912
7.78363
7.89312
8
8
8
8
8
8
8
8
8
8
8
8
8
8
8
8
8
8
8
8
8
8
8
8
8
8
8
8
8
8
7.51574
7.4824
7.44891
7.5479
7.94762
8
8
8
8
8
8
8
8
8
8
8
8
8
8
8
8
8
8
8
8
8
8
8
8
8
8
8
8
8
8
8
8
8
8
8
8
8
8
8
8
8
8
8
8
5.9642
5.92212
5.87975
5.83707
5.79408
5.75077
5.70714
5.70326
5.79133
5.96915
6.23763
6.59955
7.05624
7.60349
8
8
8
8
8
8
8
8
8
8
8
8
8
8
8
8
8
8
8
8
8
8
8
8
8
8
8
8
8
8
8
8
8
8
8
8
8
8
8
8
8
8
8
8
8
8
8
8
8
8
8
8
8
8
8
8
8
8
8
8
8
8
8
8
8
8
8
8
8
8
8
8
8
8
8
8
8
8
8
8
8
8
6.40189
6.36272
6.32331
6.28365
6.24375
6.20359
6.16317
6.12248
6.08151
6.04027
6.04027
6.04027
6.04027
6.04027
6.04027
6.04027
6.04027
6.04027
6.04027
6.04027
6.04027
6.04027
6.04027
6.04027
6.04027
6.04027
6.04027
6.04027
6.04027
6.04027
6.04027
6.04027
6.04027
6.04027
6.04027
6.04027
6.04027
6.04027
6.04027
6.04027
6.04027
6.04027
6.04027
6.04027
6.04027
4.29959
4.2411
4.18171
4.12137
4.06002
3.9976
3.93409
3.89899
3.96151
4.12274
4.39209
4.78817
5.34157
6.09862
7.12393
7.12393
7.12393
7.12393
7.12393
7.12393
7.12393
7.12393
7.12393
7.12393
7.12393
7.12393
7.12393
7.12393
7.12393
7.12393
7.12393
7.12393
7.12393
7.12393
7.12393
7.12393
7.12393
7.12393
7.12393
7.12393
7.12393
7.12393
7.12393
7.12393
7.12393
7.12393
7.12393
7.12393
7.12393
5.16248
5.1138
5.06465
5.01503
4.96494
4.91436
4.96917
5.17705
5.56923
6.21259
7.24601
8
8
8
8
8
8
8
8
8
8
8
8
8
8
8
8
8
8
8
8
8
8
8
8
8
8
8
8
8
8
8
8
8
8
8
8
8
8
8
8
8
8
8
8
8
8
8
8
8
8
8
8
8
8
8
8
8
8
8
8
8
8
8
8
8
8
8
8
8
8
8
8
8
8
8
8
8
8
8
8
8
8
8
8
8
8
8
8
8
8
8
8
8
8
8
8
8
8
8
8
8
8
8
8
8
8
8
8
8
8
8
8
8
8
8
8
8
8
8
8
8
8
8
8
8
8
8
8
8
8
8
8
8
8
8
8
8
8
8
8
8
8
8
8
8
8
8
8
8
8
8
8
8
8
8
8
8
8
8
8
8
8
8
8
8
8
8
8
8
8
8
8
8
8
8
8
8
8
8
8
8
8
8
8
8
8
8
8
8
8
8
8
8
0.707117
0.707117
6.1378
6.1378
6.1378
6.1378
6.1378
6.1378
6.1378
6.1378
6.1378
6.1378
6.1378
6.1378
6.1378
6.1378
6.1378
6.1378
6.1378
6.1378
6.1378
6.1378
6.1378
6.1378
6.1378
6.1378
6.1378
6.1378
6.1378
6.1378
6.1378
6.1378
6.1378
6.1378
6.1378
6.1378
6.1378
6.1378
6.1378
6.1378
6.1378
6.1378
6.1378
6.1378
6.1378
6.1378
6.1378
6.1378
6.1378
6.1378
6.1378
6.1378
6.1378
6.1378
6.1378
6.1378
6.1378
6.1378
6.1378
6.1378
6.1378
6.1378
6.1378
6.1378
6.1378
6.1378
6.1378
6.1378
6.1378
6.1378
6.1378
6.1378
6.1378
6.1378
6.1378
6.1378
6.1378
6.1378
6.1378
6.1378
6.1378
6.1378
6.1378
6.1378
6.1378
6.1378
6.1378
6.1378
6.1378
4.05266
3.98893
3.9235
3.85644
3.78786
3.69267
3.67183
3.72429
3.85403
4.06894
4.38005
4.80011
5.34038
6.0039
6.77393
7.60075
8
8
8
8
8
8
8
8
8
8
8
8
8
8
8
8
8
8
8
8
8
8
6.96263
6.92662
6.89044
6.85406
6.81749
6.86457
7.03631
7.0313
6.99566
6.95983
6.95983
6.95983
6.95983
6.95983
6.95983
6.95983
6.95983
6.95983
6.95983
6.95983
6.95983
6.95983
6.95983
6.95983
6.95983
6.95983
6.95983
6.28006
6.24012
6.19992
6.15946
6.11874
6.07774
6.03646
5.9949
5.95306
5.91092
5.8852
5.90841
5.97846
6.0935
6.2525
6.45563
6.70426
7.00017
7.34398
7.73303
7.73303
7.73303
7.73303
7.73303
7.73303
7.73303
7.73303
7.73303
7.73303
7.73303
7.73303
7.73303
7.73303
7.73303
7.73303
7.73303
7.73303
7.73303
7.73303
7.73303
7.24274
7.20814
7.17338
7.32218
7.7464
8
8
8
8
8
8
8
8
8
8
8
8
8
8
8
8
8
8
8
8
8
8
8
8
8
8
8
8
8
8
8
8
8
8
8
8
8
8
8
8
8
8
8
8
8
8
8
8
8
8
8
8
8
8
8
8
8
8
8
8
8
8
8
8
8
8
8
8
8
8
8
8
8
8
8
8
8
8
8
8
8
8
8
8
8
8
8
8
8
8
8
8
8
8
8
8
8
8
8
8
8
8
8
8
8
8
8
8
8
8
8
8
8
8
8
8
8
8
8
8
8
8
8
8
8
8
8
8
8
8
8
8
8
8
8
8
8
8
8
8
8
8
8
8
8
8
8
8
8
8
8
8
8
8
8
8
8
8
8
8
8
8
8
8
8
8
8
8
8
8
8
8
8
8
8
8
8
8
8
8
8
8
8
8
8
8
8
8
8
8
8
8
8
8
8
8
8
8
8
8
8
8
8
8
8
8
8
8
8
8
8
8
8
8
8
8
8
8
8
8
8
8
8
8
8
8
8
8
8
8
8
8
8
8
8
4.33953
4.28153
4.22273
4.16309
4.1026
4.0412
3.97887
3.91555
3.85118
3.78571
3.71907
3.65117
3.58194
3.51131
3.43921
3.36556
3.2903
3.21335
3.13458
3.03273
2.96483
2.92275
2.89884
2.88627
2.87952
2.87485
2.87049
2.86657
2.8647
2.86744
2.8778
2.89875
2.9326
2.98067
3.04308
3.11873
3.20548
3.3006
3.40141
3.50633
3.61604
3.73432
3.86835
4.02863
4.22898
4.48712
4.82588
5.27573
5.8798
6.38333
6.34402
6.30448
6.30448
6.30448
6.30448
6.30448
6.30448
6.30448
6.30448
6.30448
6.30448
6.30448
6.30448
6.30448
6.30448
6.30448
6.30448
6.30448
6.30448
6.30448
6.30448
6.30448
6.30448
6.30448
6.30448
6.30448
6.30448
6.30448
6.30448
6.30448
5.02443
4.9744
4.92387
4.87282
4.82125
4.76914
4.7179
4.75471
4.87294
5.0703
5.34745
5.70685
6.15199
6.26007
6.26007
6.26007
6.26007
6.26007
6.26007
6.26007
6.26007
6.26007
6.26007
6.26007
6.26007
6.26007
6.26007
6.26007
6.26007
6.26007
6.26007
6.26007
6.0148
5.96555
5.96555
5.96555
5.96555
5.96555
5.96555
5.96555
5.96555
5.96555
5.96555
5.53131
5.48594
5.44019
5.42464
5.51434
5.70854
6.01741
6.46666
7.1103
8
8
8
8
8
8
8
8
8
8
8
8
8
8
8
8
8
8
8
8
8
8
8
8
8
8
8
8
8
8
8
8
8
8
8
8
8
8
8
8
8
8
8
8
8
8
8
8
8
8
8
8
8
8
8
8
8
8
8
8
8
8
8
8
8
8
8
8
8
8
8
8
8
8
8
8
8
8
8
8
8
8
8
8
8
8
8
8
8
8
8
8
8
8
8
6.47192
6.43279
6.39398
6.77318
8
8
8
8
8
8
8
8
8
8
8
8
8
8
8
8
8
8
8
8
8
8
8
8
8
8
8
8
8
8
8
8
8
8
8
8
8
8
8
8
8
8
8
8
8
8
8
8
8
8
8
8
8
8
8
8
8
8
8
8
8
8
8
4.84236
4.79041
4.73789
4.6848
4.63112
4.57685
4.59738
4.77861
5.14831
5.76689
6.09125
6.09125
6.09125
6.09125
6.09125
6.09125
6.09125
6.09125
6.09125
6.09125
6.09125
6.09125
6.09125
6.09125
5.97237
5.9109
5.88913
5.89548
5.92204
5.96318
6.01536
6.07664
6.14553
6.22002
6.29742
6.37496
6.45119
6.52749
6.60756
6.69407
6.78569
6.87826
6.96916
7.05974
7.15307
7.2501
7.3487
7.44606
7.54152
7.63697
7.73491
7.83635
7.94039
8
8
8
8
8
8
8
8
8
8
8
8
8
8
8
8
8
8
8
8
8
8
8
8
8
8
8
8
8
8
8
8
8
8
8
8
8
8
8
8
8
8
8
8
8
8
8
8
8
8
8
8
8
8
8
8
8
8
8
8
8
8
8
8
8
8
8
8
8
8
8
8
8
8
8
8
8
8
8
8
8
8
8
8
8
8
8
8
8
8
8
8
8
8
8
8
8
8
8
8
8
8
8
8
8
8
8
8
8
8
8
8
8
8
8
8
8
8
8
8
8
8
8
8
8
8
8
8
8
8
8
8
8
8
8
8
8
8
8
8
8
8
8
8
8
8
8
8
8
8
8
8
8
8
8
8
8
8
8
8
8
8
8
8
8
8
8
8
8
8
8
8
8
8
8
8
8
8
8
8
8
8
8
8
8
8
8
8
8
8
8
8
8
8
8
8
8
8
8
8
8
8
3.67619
3.60747
3.5374
3.46593
3.39295
3.31838
3.2421
3.16398
3.08388
2.95213
2.83596
2.73279
2.64139
2.56143
2.49308
2.43672
2.39285
2.36206
2.34504
2.34244
2.35485
2.38274
2.42652
2.48639
2.56195
2.65155
2.75142
2.85481
2.95171
3.02977
3.02977
3.02977
3.02977
2.99129
2.9047
2.8073
2.70931
2.61818
2.53875
2.47385
2.42505
2.39322
2.37886
2.38224
2.40344
2.44235
2.49855
2.57107
2.65829
2.75801
2.86779
2.98523
3.10823
3.23535
3.36626
3.50193
3.64429
3.79568
3.95871
4.13596
4.32947
4.54011
4.7677
5.01176
5.27175
5.54624
5.832
6.12469
6.38547
6.34619
6.30667
6.26689
6.22687
6.22687
6.22687
6.22687
6.22687
6.22687
6.22687
6.22687
6.22687
6.22687
6.22687
6.22687
6.22687
6.22687
6.22687
6.22687
6.22687
6.22687
6.22687
5.41045
5.36402
5.3172
5.26998
5.22234
5.17227
5.25922
5.484
5.85884
6.40898
7.17787
8
8
8
8
8
8
8
8
8
8
8
8
8
8
8
8
8
8
8
8
8
8
8
8
8
8
8
8
8
8
8
8
8
8
8
8
8
8
8
8
8
8
8
8
8
8
8
8
8
8
8
8
8
8
8
8
8
8
6.84802
6.81142
6.77462
6.73762
6.89632
7.13834
7.10325
7.10325
7.10325
7.10325
7.10325
7.10325
7.10325
7.10325
7.10325
7.10325
7.10325
7.10325
7.10325
7.10325
7.10325
7.10325
7.10325
7.10325
7.10325
7.10325
7.10325
7.10325
7.10325
7.10325
7.10325
7.10325
7.10325
7.10325
7.10325
7.10325
5.9545
5.91236
5.86993
5.82718
5.78413
5.74076
5.69706
5.65302
5.65302
5.65302
5.65302
5.65302
5.65302
5.65302
5.65302
5.65302
5.65302
5.65302
5.65302
5.65302
5.65302
5.65302
5.65302
5.65302
5.65302
5.65302
5.65302
5.65302
5.65302
5.65302
5.65302
5.65302
5.65302
5.65302
5.65302
5.65302
5.65302
5.65302
5.65302
5.65302
5.65302
5.65302
5.65302
5.65302
5.65302
3.59961
3.5294
3.4577
3.38444
3.30954
3.23289
3.15443
3.07403
2.99158
2.87741
2.80423
2.76421
2.75052
2.7566
2.7755
2.79968
2.8214
2.8214
2.8214
2.8214
2.80524
2.78884
2.78257
2.79497
2.83377
2.90585
3.01743
3.17439
3.38275
3.6488
3.97875
4.37715
4.8441
5.37174
5.94169
6.30573
6.26589
6.22581
6.22581
6.22581
6.22581
6.22581
6.22581
6.22581
6.22581
6.22581
6.22581
6.22581
6.22581
6.22581
6.22581
6.22581
6.22581
6.22581
6.22581
6.22581
6.22581
6.22581
6.22581
6.22581
6.22581
6.22581
6.22581
5.07536
5.02586
4.97585
4.92534
4.87431
4.82274
4.77062
4.71793
4.66464
4.58626
4.53265
4.49913
4.48214
4.47879
4.48668
4.50427
4.53096
4.56649
4.61043
4.66195
4.71998
4.783
4.84907
4.91594
4.98139
5.04394
5.10434
5.16714
5.24065
5.33485
5.45889
5.61969
5.82206
5.85229
5.80941
5.76622
5.7227
5.7227
5.7227
5.7227
5.7227
5.7227
5.7227
5.7227
5.7227
5.7227
5.7227
5.7227
5.7227
5.7227
5.7227
5.7227
5.7227
5.7227
5.7227
4.82165
4.76948
4.71674
4.66341
4.60949
4.55496
4.48886
4.5135
4.6215
4.80858
5.07124
5.40438
5.79808
6.23396
6.68382
7.03415
6.99851
6.96268
6.92667
6.89048
6.89048
6.89048
6.89048
6.89048
6.89048
6.89048
6.89048
6.89048
6.89048
6.89048
6.89048
6.89048
6.89048
6.89048
6.89048
6.28319
6.24327
6.2031
6.16267
6.12196
6.08099
6.03974
5.99821
5.95638
5.91426
5.87183
5.82909
5.78603
5.74266
5.69895
5.65492
5.61054
5.62819
5.73747
5.94398
6.25802
6.69391
7.26739
7.99102
8
8
8
8
8
8
8
8
8
8
8
8
8
8
8
8
8
8
8
8
8
8
8
8
8
8
8
8
8
8
8
8
8
8
8
8
8
8
8
8
8
8
8
8
8
8
8
8
8
8
8
8
8
8
8
8
8
8
8
8
8
8
8
8
8
8
8
8
8
8
8
8
8
8
8
8
8
8
8
8
8
8
8
8
8
8
8
8
8
8
8
8
8
8
8
8
8
8
8
8
8
8
8
8
8
6.77739
6.74039
6.7032
6.66581
6.88262
7.38575
7.38575
7.38575
7.38575
7.38575
7.38575
7.38575
7.38575
7.38575
7.41517
7.63486
8
8
8
8
8
8
8
8
8
8
8
8
8
8
8
8
8
8
8
8
8
8
8
8
8
8
8
8
8
8
8
8
8
8
8
8
8
8
8
8
8
8
8
8
8
8
8
8
8
8
8
8
8
8
6.82456
6.78783
6.7509
6.71377
6.746
6.93721
7.29488
7.83908
8
8
8
8
8
8
8
8
8
8
8
8
8
8
8
8
8
8
8
8
8
8
8
8
8
8
8
8
8
8
8
8
8
8
8
8
8
8
8
8
8
8
8
8
8
8
8
8
8
8
8
8
8
8
8
8
8
8
8
8
8
8
8
8
8
8
8
8
8
8
8
8
8
8
8
8
8
8
8
8
8
8
8
8
8
8
8
8
8
8
8
8
8
8
8
8
8
8
5.06175
5.0122
4.9621
4.91148
4.91148
4.91148
4.91148
4.91148
4.91148
4.91148
4.91148
4.4858
4.42973
4.37298
4.3155
4.25726
4.19821
4.13831
4.0775
4.0775
4.0775
4.0775
4.0775
3.75839
3.69122
3.6228
3.55307
3.48193
3.40932
3.33511
3.2592
3.18146
3.10175
3.01992
2.93579
2.81443
2.70654
2.61312
2.53478
2.47183
2.4244
2.39257
2.3764
2.37591
2.39096
2.42118
2.46604
2.52502
2.59779
2.68416
2.78385
2.89614
3.01948
3.15124
3.28778
3.42506
3.55996
3.69182
3.82371
3.96282
4.12015
4.31015
4.55098
4.86572
5.28498
5.85211
6.6343
7.74639
8
8
8
8
8
8
8
8
8
8
8
8
8
8
8
8
8
8
8
8
8
8
8
8
8
8
8
8
8
8
8
8
8
8
8
8
8
8
8
8
8
8
8
8
8
8
8
8
8
8
8
8
8
8
8
8
8
8
8
8
7.84382
7.81189
7.83205
8
8
8
8
8
8
8
8
8
8
8
8
8
8
8
8
8
8
8
8
8
8
8
8
8
8
8
8
8
8
8
8
8
8
8
8
8
8
8
8
8
8
8
8
8
8
8
8
8
8
8
8
8
8
8
8
8
8
8
8
8
8
8
8
8
8
8
8
8
8
8
8
8
8
8
8
8
8
8
8
6.69755
6.66011
6.62247
6.58462
6.55098
6.66612
6.71359
6.67626
6.63872
6.60096
6.60096
6.60096
6.60096
6.60096
6.60096
6.60096
6.60096
6.60096
6.60096
6.60096
6.60096
6.60096
6.60096
6.60096
6.60096
6.60096
6.60096
5.87983
5.83716
5.79417
5.75086
5.70723
5.66325
5.61894
5.57426
5.52923
5.48382
5.43804
5.39187
5.3453
5.29833
5.25094
5.20312
5.15485
5.10612
5.05691
5.00722
4.95702
4.90631
4.85508
4.8033
4.752
4.75183
4.80421
4.90954
5.06752
5.27696
5.53544
5.83891
6.18102
6.16873
6.12807
6.08714
6.04593
6.04593
6.04593
6.04593
6.04593
6.04593
6.04593
6.04593
6.04593
6.04593
6.04593
6.04593
6.04593
6.04593
6.04593
6.04593
6.04593
6.04593
6.04593
6.04593
6.04593
6.04593
6.04593
6.04593
6.04593
6.04593
6.04593
6.04593
6.04593
6.04593
6.04593
6.04593
6.04593
6.04593
6.04593
6.04593
6.04593
4.24873
4.18938
4.12918
4.06812
4.00619
3.94335
3.91383
4.01214
4.25167
4.66992
5.34897
6.47548
6.53257
6.53257
6.53257
6.53257
6.53257
6.53257
6.53257
6.53257
6.53257
6.53257
6.53257
6.53257
6.53257
6.53257
6.53257
6.53257
6.53257
6.53257
6.53257
6.53257
6.53257
6.53257
6.53257
6.53257
6.53257
6.53257
6.53257
6.53257
6.53257
6.53257
6.53257
6.53257
6.53257
6.53257
6.53257
6.53257
6.53257
6.53257
6.53257
6.53257
4.76167
4.70884
4.6554
4.60134
4.54665
4.49132
4.43533
4.37078
4.42147
4.59215
4.89948
5.37589
6.07851
7.10931
8
8
8
8
8
8
8
8
8
8
8
8
8
8
8
8
8
8
8
8
8
8
8
8
8
8
8
8
8
8
8
8
8
8
8
8
8
8
8
8
8
8
8
8
8
8
8
8
8
8
8
8
8
8
8
8
8
8
8
4.49349
4.43772
4.38115
4.32365
4.32365
4.32365
4.32365
4.0825
4.0825
4.0825
4.0825
3.82318
3.75597
3.68788
3.6203
3.64441
3.74488
3.91112
4.13296
4.39835
4.69268
4.99922
5.30102
5.58359
5.83704
6.05698
6.24479
6.18604
6.14548
6.10465
6.06355
6.02218
5.98052
5.93857
5.93857
5.93857
5.93857
5.93857
5.93857
5.68035
5.63615
5.59161
5.54671
5.50145
5.45582
5.40982
5.36342
5.31487
5.31644
5.36076
5.41161
5.36522
5.31843
5.27121
5.22356
5.17547
5.12692
5.12692
5.12692
5.12692
5.12692
5.12692
4.82548
4.77339
4.72072
4.66747
4.6136
4.55909
4.50392
4.44806
4.39148
4.33416
4.27605
4.21714
4.1574
4.0968
4.03531
3.94425
3.91403
3.94783
4.04988
4.22624
4.48537
4.83853
5.29967
5.88435
6.60688
7.47362
7.47362
7.47362
7.47362
7.47362
7.47362
7.47362
7.47362
7.47362
7.47362
7.47362
7.47362
7.47362
7.47362
7.47362
7.47362
7.47362
7.47362
7.47362
7.47362
7.47362
7.47362
7.47362
7.47362
7.47362
7.47362
7.47362
7.47362
7.47362
7.47362
7.47362
7.47362
7.47362
7.47362
7.47362
6.78344
6.74648
6.70932
6.65932
6.76821
7.03726
7.48135
8
8
8
8
8
8
8
8
8
8
8
8
8
8
8
8
8
8
8
8
8
8
8
8
8
8
8
8
8
8
8
8
8
8
8
8
8
8
8
8
8
8
8
8
8
8
8
8
8
8
8
8
8
8
8
8
8
8
8
8
8
8
8
8
8
8
8
8
8
8
8
8
8
8
8
8
8
8
8
3.61406
3.54481
3.54481
3.40469
3.32956
3.24791
3.16019
3.06917
2.93994
2.96674
3.09641
3.24265
3.35024
3.42333
3.49061
3.57064
3.66663
3.77452
3.89011
4.01131
4.13755
4.26912
4.40715
4.55316
4.70801
4.87136
5.04275
5.2231
5.41415
5.61659
5.82985
5.93917
5.89693
5.85437
5.85437
5.85437
5.85437
5.85437
5.85437
5.85437
5.85437
5.85437
5.85437
5.85437
5.85437
5.85437
5.85437
5.85437
5.85437
5.85437
5.85437
5.85437
5.85437
5.85437
5.85437
5.85437
4.77204
4.71933
4.66603
4.61213
4.55762
4.50248
4.49595
4.57626
4.74108
4.98962
5.32082
5.73273
6.22144
6.77828
7.38698
8
8
8
8
8
8
8
8
8
8
8
8
8
8
8
8
8
8
8
8
8
8
8
8
8
8
8
8
8
8
8
8
8
8
8
8
8
8
8
8
8
8
8
8
8
8
8
8
8
8
8
8
8
8
8
8
8
8
8
8
8
8
8
8
8
8
8
8
8
8
8
8
8
8
8
8
8
8
8
8
8
8
8
8
8
8
8
8
8
8
8
8
8
8
8
8
8
8
8
8
8
8
8
8
8
8
8
8
8
8
8
8
8
8
8
8
8
8
8
8
8
8
8
8
8
8
8
8
8
8
8
8
8
8
8
8
8
8
8
8
8
8
8
8
8
8
8
8
8
8
8
8
8
8
8
8
8
8
8
8
3.53566
3.46416
3.39109
3.31634
3.23983
3.16145
3.0811
2.99867
2.91404
2.78366
2.69835
2.6495
2.63041
2.63563
2.66074
2.66074
2.66074
2.66074
2.66074
2.66074
2.66074
2.66074
2.66074
2.66074
2.66074
2.66074
2.66074
2.66074
2.66074
2.66074
2.66074
2.66074
2.66074
0.785685
0.785685
0.785685
0.785685
0.785685
