3.63625
3.63625
6.07412
5.84647
6.49334
8
7.16538
4.35239
3.39253
3.3282
3.3282
3.1611
2.8566
2.66772
2.54934
2.48405
2.46742
2.49777
2.57111
2.67859
2.80465
2.92704
3.02106
3.06824
3.06432
3.02048
2.95695
2.89455
2.84918
2.83073
2.84428
2.89186
2.97359
3.08828
3.23376
3.4071
3.60494
3.82367
4.05939
4.30794
4.56619
4.83454
5.11828
5.42574
5.76426
6.13533
6.52961
6.92693
7.31064
7.69723
8
8
8
8
8
8
8
7.69947
7.07242
6.93868
7.26458
8
8
8
8
8
7.59757
6.99802
6.81967
6.94492
7.35412
8
8
8
8
8
8
8
8
8
8
8
8
8
8
8
8
8
8
7.85065
7.46397
7.44577
7.8482
7.80579
6.65115
5.80334
5.87234
6.42725
6.75305
6.44272
5.77333
5.21598
4.9695
4.95004
4.95056
4.84888
4.67037
4.47939
4.30752
4.15585
4.01419
3.87306
3.72718
3.57522
3.4188
3.26182
3.10976
2.96884
2.84498
2.74299
2.66638
2.61755
2.59807
2.60854
2.64835
2.71585
2.80846
2.92267
3.05382
3.19627
3.34405
3.49171
3.63495
3.77091
3.89809
4.0163
4.12676
4.23204
4.33556
4.44076
4.55025
4.66527
4.78587
4.91182
5.04358
5.18238
5.32898
5.48211
5.63818
5.79334
5.94729
6.1052
6.27675
6.47547
6.71516
7.00594
7.376
7.86986
8
8
8
7.92096
7.92096
8
7.22062
6.98058
7.22119
7.95265
8
8
8
8
8
8
8
8
8
8
8
8
8
8
8
8
8
8
8
8
8
8
8
8
8
8
8
8
8
8
8
8
8
8
8
8
8
8
8
8
8
8
8
8
8
8
8
8
8
8
8
8
8
8
8
8
8
8
8
8
8
7.51648
7.07016
6.84196
6.80944
6.97246
7.36507
8
8
8
8
8
8
8
8
7.29245
6.72987
6.30391
5.95485
5.65211
5.38009
5.13142
4.90189
4.68731
4.48376
4.28923
4.10343
3.92607
3.75636
3.59365
3.43788
3.28904
3.147
3.01202
2.88545
2.76975
2.66811
2.58396
2.52054
2.48058
2.46601
2.47797
2.51698
2.5831
2.67594
2.79418
2.9352
3.09477
3.26713
3.44544
3.62277
3.79345
3.95419
4.10453
4.24637
4.38316
4.51905
4.65804
4.8033
4.95684
5.11976
5.29246
5.47498
5.66742
5.87122
6.09042
6.33134
6.60036
6.90153
7.23725
7.61231
8
8
8
8
8
8
8
8
8
8
8
8
7.33457
6.47501
6.38179
6.99952
8
8
8
8
8
8
8
8
8
8
8
8
8
8
8
8
8
8
8
8
8
8
8
8
8
8
8
8
8
8
8
8
8
8
8
8
8
8
8
8
8
8
8
8
8
8
8
8
8
8
8
8
8
8
8
8
8
8
8
8
8
8
8
8
8
8
8
8
8
8
8
8
8
8
8
8
8
8
8
8
8
8
8
8
8
8
8
8
8
8
8
8
8
8
8
8
8
8
8
8
8
8
8
8
8
8
8
8
8
8
8
8
8
8
8
8
8
8
8
8
8
8
8
8
8
8
8
8
8
8
8
8
8
8
8
8
8
8
8
8
8
8
8
8
8
8
8
8
8
8
8
8
8
8
8
8
8
8
8
7.97062
7.1515
6.62918
6.36713
6.35222
6.60896
7.22952
8
8
8
8
8
8
8
8
8
8
8
8
8
8
8
8
8
8
8
8
8
8
8
8
8
8
8
8
8
8
8
8
8
8
8
8
8
8
8
8
8
8
8
8
8
8
8
8
8
8
8
8
8
8
8
8
8
8
8
8
8
8
8
8
8
8
8
8
8
8
8
8
8
8
7.71716
7.01524
6.75752
6.97583
6.89166
5.69477
5.19078
5.13538
5.13538
4.40434
3.86847
3.53173
3.31674
3.18333
3.10799
3.07557
3.07527
3.09862
3.13852
3.18929
3.24681
3.30842
3.3724
3.43746
3.50259
3.56688
3.62952
3.68993
3.74812
3.80469
3.86043
3.91546
3.96898
4.01964
4.06417
4.09741
4.12181
4.14491
4.14784
4.09545
4.0146
3.97409
3.95833
3.87391
3.7293
3.39896
3.39896
3.47492
5.49052
8
8
8
8
8
8
8
8
8
8
8
8
8
8
8
8
8
8
8
8
8
8
8
8
8
8
8
8
8
8
8
8
8
8
8
8
8
8
8
8
8
8
8
8
8
8
8
8
8
8
8
8
8
8
8
8
8
8
8
8
8
8
8
8
8
8
8
8
8
8
8
8
8
8
8
8
8
8
8
8
8
8
7.582
6.84735
6.32052
5.95723
5.72605
5.60518
5.57839
5.63232
5.75548
5.93805
6.17128
6.44485
6.7432
7.0456
7.33305
7.59676
7.83866
8
8
8
8
8
8
8
8
8
8
8
8
8
8
8
8
8
8
8
8
8
8
8
8
8
8
8
8
8
8
8
8
8
8
8
8
8
8
8
8
8
8
8
8
8
8
8
8
8
8
8
8
8
8
8
8
8
8
8
8
8
8
8
8
8
8
8
8
8
8
8
8
8
8
8
8
8
8
8
8
8
8
8
8
8
8
8
8
8
8
8
8
8
7.79412
7.3901
7.15776
7.07279
7.11832
7.28185
7.55529
7.93675
8
8
8
8
8
8
8
8
8
8
8
8
8
8
8
8
8
8
8
8
8
8
8
8
8
8
8
8
8
8
8
8
8
8
8
7.60668
6.69517
5.91397
5.28857
4.8085
4.45202
4.19639
4.02116
3.90912
3.84585
3.81858
3.81526
3.82472
3.8377
3.84754
3.85032
3.84445
3.83021
3.80948
3.78549
3.76205
3.7424
3.72829
3.72006
3.71737
3.7198
3.72714
3.73942
3.75677
3.77924
3.80667
3.83872
3.87438
3.91138
3.94633
3.97613
4.00011
4.02144
4.04723
4.08713
4.15166
4.25111
4.39554
4.59539
4.86208
5.20824
5.64733
6.19217
6.85127
7.62134
8
8
8
8
8
8
8
8
8
8
8
8
8
8
8
8
8
8
8
8
8
8
8
8
8
8
8
8
8
8
8
8
7.59574
7.20164
7.04109
7.14963
7.6252
8
8
8
8
8
6.93597
6.12478
5.63897
5.33663
5.15
5.0418
4.98896
4.97538
4.98847
5.01831
5.05834
5.10556
5.15902
5.21797
5.28154
5.34956
5.42308
5.50356
5.59147
5.68571
5.78448
5.88695
5.99406
6.10746
6.22742
6.35198
6.47859
6.60715
6.74087
6.88316
7.03302
7.1836
7.32614
7.45537
7.57167
7.67912
7.78363
7.89312
8
8
8
8
8
8
8
8
8
8
8
8
8
8
8
8
8
8
8
8
8
8
8
8
8
8
8
8
8
8
7.89165
7.57947
7.44891
7.5479
7.94762
8
8
8
8
8
8
8
8
8
8
8
8
8
8
8
8
8
8
8
8
8
8
8
8
8
8
8
8
8
8
8
8
8
8
8
8
8
8
8
8
8
8
8
8
7.97664
7.31873
6.76402
6.32883
6.01247
5.80791
5.70714
5.70326
5.79133
5.96915
6.23763
6.59955
7.05624
7.60349
8
8
8
8
8
8
8
8
8
8
8
8
8
8
8
8
8
8
8
8
8
8
8
8
8
8
8
8
8
8
8
8
8
8
8
8
8
8
8
8
8
8
8
8
8
8
8
8
8
8
8
8
8
8
8
8
8
8
8
8
8
8
8
8
8
8
8
8
8
8
8
8
8
8
8
8
8
8
8
8
8
8
7.60555
7.15805
6.877
6.73957
6.73162
6.8461
7.07991
7.43141
7.89976
8
8
8
8
8
8
8
8
8
8
8
8
8
8
8
8
8
8
8
8
8
8
8
8
8
8
8
8
8
8
8
8
8
8
8
8
7.85847
6.40751
5.42648
4.77142
4.34176
4.07499
3.93409
3.89899
3.96151
4.12274
4.39209
4.78817
5.34157
6.09862
7.12393
8
8
8
8
8
8
8
8
8
8
8
8
8
8
8
8
8
8
8
8
8
8
8
8
8
8
8
8
8
8
8
8
8
8
7.02211
6.22725
5.63925
5.23884
5.00262
4.91436
4.96917
5.17705
5.56923
6.21259
7.24601
8
8
8
8
8
8
8
8
8
8
8
8
8
8
8
8
8
8
8
8
8
8
8
8
8
8
8
8
8
8
8
8
8
8
8
8
8
8
8
8
8
8
8
8
8
8
8
8
8
8
8
8
8
8
8
8
8
8
8
8
8
8
8
8
8
8
8
8
8
8
8
8
8
8
8
8
8
8
8
8
8
8
8
8
8
8
8
8
8
8
8
8
8
8
8
8
8
8
8
8
8
8
8
8
8
8
8
8
8
8
8
8
8
8
8
8
8
8
8
8
8
8
8
8
8
8
8
8
8
8
8
8
8
8
8
8
8
8
8
8
8
8
8
8
8
8
8
8
8
8
8
8
8
8
8
8
8
8
8
8
8
8
8
8
8
8
8
8
8
8
8
8
8
8
8
8
8
8
8
8
8
8
8
8
8
8
8
8
8
8
8
8
8
1
8
8
8
8
8
8
8
8
8
8
8
8
8
8
8
8
8
8
8
8
8
8
8
8
8
8
8
8
8
8
8
8
8
8
8
8
8
8
8
8
8
8
8
8
8
8
8
8
8
8
8
8
8
8
8
8
8
8
8
8
8
8
8
8
8
8
8
8
8
8
8
8
8
8
8
8
8
8
8
8
8
8
8
8
8
7.44293
6.1378
5.25388
4.65327
4.24271
3.96526
3.78786
3.69267
3.67183
3.72429
3.85403
4.06894
4.38005
4.80011
5.34038
6.0039
6.77393
7.60075
8
8
8
8
8
8
8
8
8
8
8
8
8
8
8
8
8
8
8
8
8
8
7.97009
7.46982
7.11375
6.8986
6.81749
6.86457
7.03631
7.33052
7.74339
8
8
8
8
8
8
8
8
8
8
8
8
8
8
8
8
8
8
7.9513
7.67188
7.37346
7.07053
6.77986
6.51669
6.29256
6.11482
5.98724
5.91092
5.8852
5.90841
5.97846
6.0935
6.2525
6.45563
6.70426
7.00017
7.34398
7.73303
8
8
8
8
8
8
8
8
8
8
8
8
8
8
8
8
8
8
8
8
7.70705
7.28582
7.17338
7.32218
7.7464
8
8
8
8
8
8
8
8
8
8
8
8
8
8
8
8
8
8
8
8
8
8
8
8
8
8
8
8
8
8
8
8
8
8
8
8
8
8
8
8
8
8
8
8
8
8
8
8
8
8
8
8
8
8
8
8
8
8
8
8
8
8
8
8
8
8
8
8
8
8
8
8
8
8
8
8
8
8
8
8
8
8
8
8
8
8
8
8
8
8
8
8
8
8
8
8
8
8
8
8
8
8
8
8
8
8
8
8
8
8
8
8
8
8
8
8
8
8
8
8
8
8
8
8
8
8
8
8
8
8
8
8
8
8
8
8
8
8
8
8
8
8
8
8
8
8
8
8
8
8
8
8
8
8
8
8
8
8
8
8
8
8
8
8
8
8
8
8
8
8
8
8
8
8
8
8
8
8
8
8
8
8
8
8
8
8
8
8
8
8
8
8
8
8
8
8
8
8
8
8
8
8
8
8
8
8
8
8
8
8
8
8
8
8
8
8
8
8
8
8
8
8
8
8
8
8
8
8
8
8
8
8
8
8
8
7.95493
7.68853
7.4127
7.15311
6.93237
6.7603
6.62792
6.50528
6.34584
6.10296
5.75638
5.32829
4.86997
4.43238
4.04765
3.72825
3.47401
3.27883
3.13458
3.03273
2.96483
2.92275
2.89884
2.88627
2.87952
2.87485
2.87049
2.86657
2.8647
2.86744
2.8778
2.89875
2.9326
2.98067
3.04308
3.11873
3.20548
3.3006
3.40141
3.50633
3.61604
3.73432
3.86835
4.02863
4.22898
4.48712
4.82588
5.27573
5.8798
6.70413
7.85958
8
8
8
8
8
8
8
8
8
8
8
8
8
8
8
8
8
8
8
8
8
8
8
8
8
8
8
8
8
7.25696
6.28115
5.62883
5.19567
4.92114
4.76914
4.7179
4.75471
4.87294
5.0703
5.34745
5.70685
6.15199
6.68837
7.32716
8
8
8
8
8
8
8
8
8
8
8
8
8
8
7.4173
6.71447
6.26007
6.0148
5.96555
6.12953
6.57379
7.48294
8
8
8
8
7.30511
6.38055
5.8634
5.57497
5.44019
5.42464
5.51434
5.70854
6.01741
6.46666
7.1103
8
8
8
8
8
8
8
8
8
8
8
8
8
8
8
8
8
8
8
8
8
8
8
8
8
8
8
8
8
8
8
8
8
8
8
8
8
8
8
8
8
8
8
8
8
8
8
8
8
8
8
8
8
8
8
8
8
8
8
8
8
8
8
8
8
8
8
8
8
8
8
8
8
8
8
8
8
8
8
8
8
8
8
8
8
8
8
8
8
8
8
8
8
8
8
7.45669
6.72387
6.39398
6.77318
8
8
8
8
8
8
8
8
8
8
8
8
8
8
8
8
8
8
8
8
8
8
8
8
8
8
8
8
8
8
8
8
8
8
8
8
8
8
8
8
8
8
8
8
8
8
8
8
8
8
8
8
8
8
8
8
8
8
8
8
8
8
8
7.43368
6.30842
5.52903
5.01709
4.71184
4.57685
4.59738
4.77861
5.14831
5.76689
6.75095
8
8
8
8
8
8
8
8
7.87906
7.11693
6.61745
6.29379
6.09125
5.97237
5.9109
5.88913
5.89549
5.92204
5.96318
6.01536
6.07664
6.14553
6.22002
6.29742
6.37496
6.45119
6.52749
6.60756
6.69407
6.78569
6.87826
6.96916
7.05974
7.15307
7.2501
7.3487
7.44607
7.54152
7.63697
7.73491
7.83635
7.94039
8
8
8
8
8
8
8
8
8
8
8
8
8
8
8
8
8
8
8
8
8
8
8
8
8
8
8
8
8
8
8
8
8
8
8
8
8
8
8
8
8
8
8
8
8
8
8
8
8
8
8
8
8
8
8
8
8
8
8
8
8
8
8
8
8
8
8
8
8
8
8
8
8
8
8
8
8
8
8
8
8
8
8
8
8
8
8
8
8
8
8
8
8
8
8
8
8
8
8
8
8
8
8
8
8
8
8
8
8
8
8
8
8
8
8
8
8
8
8
8
8
8
8
8
8
8
8
8
8
8
8
8
8
8
8
8
8
8
8
8
8
8
8
8
8
8
8
8
8
8
8
8
8
8
8
8
8
8
8
8
8
8
8
8
8
8
8
8
8
8
8
8
8
8
8
8
8
8
8
8
8
8
8
8
8
8
8
8
8
8
8
8
8
8
8
8
8
8
8
8
8
8
6.61428
5.50466
4.78097
4.27744
3.91094
3.63341
3.41474
3.23561
3.08388
2.95213
2.83596
2.73279
2.64139
2.56143
2.49308
2.43672
2.39285
2.36206
2.34504
2.34244
2.35485
2.38273
2.42652
2.48639
2.56195
2.65155
2.75142
2.85481
2.95171
3.02977
3.0771
3.0859
3.05525
2.99129
2.9047
2.8073
2.70931
2.61818
2.53875
2.47385
2.42505
2.39322
2.37886
2.38224
2.40344
2.44235
2.49855
2.57107
2.65829
2.75801
2.86779
2.98523
3.10823
3.23535
3.36626
3.50193
3.64429
3.79568
3.95871
4.13596
4.32947
4.54011
4.7677
5.01176
5.27175
5.54624
5.832
6.12469
6.42144
6.72262
7.03085
7.34881
7.67791
8
8
8
8
8
8
8
8
8
8
8
8
8
8
8
8
8
8
7.44299
6.43445
5.80423
5.42214
5.22234
5.17227
5.25922
5.484
5.85884
6.40898
7.17787
8
8
8
8
8
8
8
8
8
8
8
8
8
8
8
8
8
8
8
8
8
8
8
8
8
8
8
8
8
8
8
8
8
8
8
8
8
8
8
8
8
8
8
8
8
8
8
8
8
8
8
8
8
8
8
8
8
8
7.63941
7.08622
6.79855
6.73762
6.89632
7.29738
8
8
8
8
8
8
8
8
8
8
8
8
8
8
8
8
8
8
8
8
8
8
8
8
8
8
8
8
8
8
7.91131
7.22107
6.78395
6.57574
6.58976
6.84851
7.42259
8
8
8
8
8
8
8
8
8
8
8
8
8
8
8
8
8
8
8
8
8
8
8
8
8
8
8
8
8
8
8
8
8
8
8
8
8
8
7.77615
6.49756
5.47461
4.70035
4.12528
3.7001
3.38645
3.15672
2.99158
2.87741
2.80423
2.76421
2.75052
2.7566
2.7755
2.79968
2.8214
2.83411
2.83434
2.82301
2.80524
2.78884
2.78257
2.79497
2.83377
2.90585
3.01743
3.17439
3.38275
3.6488
3.97875
4.37715
4.8441
5.37174
5.94169
6.52635
7.0954
7.62508
8
8
8
8
8
8
8
8
8
8
8
8
8
8
8
8
8
8
8
8
8
8
8
8
8
7.48009
6.73956
6.16536
5.72253
5.38207
5.12126
4.92297
4.77416
4.66464
4.58625
4.53265
4.49913
4.48214
4.47879
4.48668
4.50427
4.53096
4.56649
4.61043
4.66195
4.71998
4.783
4.84907
4.91594
4.98139
5.04394
5.10434
5.16714
5.24065
5.33485
5.45889
5.61969
5.82206
6.06943
6.36448
6.70965
7.10696
7.55672
8
8
8
8
8
8
8
8
8
8
8
8
8
8
8
8
8
7.07977
6.14119
5.47638
5.02074
4.72494
4.55496
4.48886
4.5135
4.6215
4.80858
5.07124
5.40438
5.79808
6.23396
6.68382
7.11321
7.48906
7.78674
7.99604
8
8
8
8
8
8
8
8
8
8
8
8
8
8
8
8
7.99199
7.8826
7.78323
7.71278
7.67795
7.66991
7.66633
7.635
7.53986
7.35472
7.07967
6.7452
6.39916
6.08782
5.84353
5.68265
5.61054
5.62819
5.73747
5.94398
6.25802
6.69392
7.26739
7.99102
8
8
8
8
8
8
8
8
8
8
8
8
8
8
8
8
8
8
8
8
8
8
8
8
8
8
8
8
8
8
8
8
8
8
8
8
8
8
8
8
8
8
8
8
8
8
8
8
8
8
8
8
8
8
8
8
8
8
8
8
8
8
8
8
8
8
8
8
8
8
8
8
8
8
8
8
8
8
8
8
8
8
8
8
8
8
8
8
8
8
8
8
8
8
8
8
8
8
8
8
8
8
8
8
8
7.91418
7.16307
6.76303
6.66581
6.88262
7.5123
8
8
8
8
8
8
7.60783
7.38575
7.41517
7.63486
8
8
8
8
8
8
8
8
8
8
8
8
8
8
8
8
8
8
8
8
8
8
8
8
8
8
8
8
8
8
8
8
8
8
8
8
8
8
8
8
8
8
8
8
8
8
8
8
8
8
8
8
8
8
7.7146
7.166
6.84643
6.71377
6.746
6.93721
7.29488
7.83908
8
8
8
8
8
8
8
8
8
8
8
8
8
8
8
8
8
8
8
8
8
8
8
8
8
8
8
8
8
8
8
8
8
8
8
8
8
8
8
8
8
8
8
8
8
8
8
8
8
8
8
8
8
8
8
8
8
8
8
8
8
8
8
8
8
8
8
8
8
8
8
8
8
8
8
8
8
8
8
8
8
8
8
8
8
8
8
8
8
8
8
8
8
8
8
8
8
8
7.02472
6.2562
5.77549
5.56587
5.63166
6.04955
6.95804
6.70416
6.70416
7.1378
6.19348
5.27811
4.80617
4.56721
4.47539
4.48581
4.56765
4.69274
4.83071
4.94914
5.01824
5.01878
4.94824
4.81931
4.65156
4.46326
4.26791
4.07398
3.88581
3.70513
3.53256
3.36861
3.21396
3.06937
2.93579
2.81443
2.70654
2.61312
2.53478
2.47183
2.4244
2.39257
2.3764
2.37591
2.39096
2.42118
2.46604
2.52502
2.59779
2.68416
2.78385
2.89614
3.01948
3.15124
3.28778
3.42506
3.55996
3.69182
3.82371
3.96282
4.12015
4.31015
4.55098
4.86572
5.28498
5.85211
6.6343
7.74639
8
8
8
8
8
8
8
8
8
8
8
8
8
8
8
8
8
8
8
8
8
8
8
8
8
8
8
8
8
8
8
8
8
8
8
8
8
8
8
8
8
8
8
8
8
8
8
8
8
8
8
8
8
8
8
8
8
8
8
8
7.95905
7.81189
7.83205
8
8
8
8
8
8
8
8
8
8
8
8
8
8
8
8
8
8
8
8
8
8
8
8
8
8
8
8
8
8
8
8
8
8
8
8
8
8
8
8
8
8
8
8
8
8
8
8
8
8
8
8
8
8
8
8
8
8
8
8
8
8
8
8
8
8
8
8
8
8
8
8
8
8
8
8
8
8
8
8
7.71135
7.14109
6.77509
6.58462
6.55098
6.66612
6.93096
7.35193
7.93499
8
8
8
8
8
8
8
8
8
8
8
8
8
8
8
8
8
8
7.90057
7.75215
7.6102
7.47322
7.33809
7.20138
7.06123
6.91851
6.77682
6.64161
6.51898
6.4136
6.32599
6.25023
6.17387
6.0812
5.95901
5.80235
5.61696
5.41712
5.2208
5.04494
4.90277
4.8033
4.75199
4.75183
4.80421
4.90954
5.06752
5.27696
5.53544
5.83891
6.18102
6.5518
6.93664
7.31767
7.67857
8
8
8
8
8
8
8
8
8
8
8
8
8
8
8
8
8
8
8
8
8
8
8
8
8
8
8
8
8
8
8
8
8
8
8
8
6.74528
5.66213
4.91376
4.41498
4.10406
3.94335
3.91383
4.01214
4.25167
4.66992
5.34897
6.47548
8
8
8
8
8
8
8
8
8
8
8
8
8
8
8
8
8
8
8
8
8
8
8
8
8
8
8
8
8
8
8
8
8
8
8
8
8
8
8
8
7.98897
6.94497
6.08131
5.41936
4.94113
4.62056
4.43533
4.37078
4.42147
4.59215
4.89948
5.37589
6.07851
7.10931
8
8
8
8
8
8
8
8
8
8
8
8
8
8
8
8
8
8
8
8
8
8
8
8
8
8
8
8
8
8
8
8
8
8
8
8
8
8
8
8
8
8
8
8
8
8
8
8
8
8
8
8
8
8
8
8
8
8
8
6.92493
5.84463
5.25996
5.01781
5.07697
5.50801
5.04304
4.8124
4.8124
5.04662
4.91378
4.23842
3.8749
3.68788
3.6203
3.64441
3.74488
3.91112
4.13296
4.39835
4.69268
4.99922
5.30102
5.58359
5.83704
6.05698
6.24479
6.40651
6.54859
6.67387
6.78349
6.88316
6.98492
7.09974
7.22628
7.34437
7.41849
7.41192
7.30374
7.09705
6.81536
6.49385
6.17063
5.87911
5.64224
5.47039
5.36342
5.31487
5.31644
5.36076
5.44162
5.55237
5.68415
5.82547
5.96333
6.08535
6.18171
6.24625
6.27692
6.27552
6.2461
6.19276
6.11985
6.03453
5.94728
5.86746
5.79693
5.72689
5.64
5.51707
5.34579
5.12737
4.87744
4.62074
4.38285
4.18363
4.03531
3.94425
3.91403
3.94783
4.04988
4.22624
4.48537
4.83853
5.29967
5.88435
6.60688
7.47362
8
8
8
8
8
8
8
8
8
8
8
8
8
8
8
8
8
8
8
8
8
8
8
8
8
8
8
8
8
8
8
8
8
8
7.34926
6.93033
6.70932
6.65932
6.76821
7.03726
7.48135
8
8
8
8
8
8
8
8
8
8
8
8
8
8
8
8
8
8
8
8
8
8
8
8
8
8
8
8
8
8
8
8
8
8
8
8
8
8
8
8
8
8
8
8
8
8
8
8
8
8
8
8
8
8
8
8
8
8
8
8
8
8
8
8
8
8
8
8
8
8
8
8
8
8
8
8
8
8
8
5.40441
4.84755
4.84755
4.68317
4.1028
3.70165
3.34383
3.06917
2.93994
2.96674
3.09641
3.24265
3.35024
3.42333
3.49061
3.57064
3.66663
3.77452
3.89011
4.01131
4.13755
4.26912
4.40715
4.55316
4.70801
4.87136
5.04275
5.2231
5.41415
5.61659
5.82985
6.05424
6.29203
6.5463
6.82048
7.12001
7.45341
7.83061
8
8
8
8
8
8
8
8
8
8
8
8
8
8
8
8
8
7.48454
6.41185
5.66666
5.15317
4.8114
4.60276
4.50248
4.49595
4.57626
4.74108
4.98962
5.32082
5.73273
6.22144
6.77828
7.38698
8
8
8
8
8
8
8
8
8
8
8
8
8
8
8
8
8
8
8
8
8
8
8
8
8
8
8
8
8
8
8
8
8
8
8
8
8
8
8
8
8
8
8
8
8
8
8
8
8
8
8
8
8
8
8
8
8
8
8
8
8
8
8
8
8
8
8
8
8
8
8
8
8
8
8
8
8
8
8
8
8
8
8
8
8
8
8
8
8
8
8
8
8
8
8
8
8
8
8
8
8
8
8
8
8
8
8
8
8
8
8
8
8
8
8
8
8
8
8
8
8
8
8
8
8
8
8
8
8
8
8
8
8
8
8
8
8
8
8
8
8
8
8
8
8
8
8
8
8
8
8
8
8
8
8
8
8
8
8
8
7.98538
6.375
5.54224
4.95138
4.23264
3.72624
3.36324
3.1014
2.91404
2.78366
2.69835
2.6495
2.63041
2.63563
2.66074
2.70218
2.75694
2.82231
2.89602
2.97648
3.06265
3.15349
3.24751
3.34277
3.43749
3.53084
3.62335
3.71654
3.81164
3.90838
4.00447
4.09622
4.18314
0.785685
0.785685
2.38972
2.38972
