-0.607488 -0.174685 282.318 1 -0.00977703
-0.817802 0.802949 281.861 1 -0.00977703
-1.01852 1.78245 282.265 1 0.0238861
-1.24269 2.75742 284.802 1 0.0646815
-1.52934 3.71551 287.572 1 0.031961
-1.84642 4.66382 288.286 1 -0.00707618
-2.15477 5.60821 288.028 1 -0.00193125
-2.46051 6.55072 288.539 1 0.0198424
-2.78895 7.49924 290.103 1 0.0345122
-3.1587 8.45828 292.159 1 0.036206
-3.57099 9.4195 294.109 1 0.02992
-4.00966 10.3598 295.624 1 0.0211991
-4.447 11.2459 296.601 1 0.0123482
-4.85153 12.0409 297.029 1 0.00257501
-5.1939 12.71 297.1 1 0.00257501
-4.28279 10.9296 297.366 0 0.00555776
-3.61729 9.66396 298.828 0 0.0310093
-3.07484 8.73484 302.125 0 0.0659562
-2.56953 7.99529 305.988 0 0.0663927
-2.05791 7.33454 308.102 0 0.0145719
-1.53133 6.67131 307.176 0 -0.0508571
-1.00151 5.94157 303.41 0 -0.0946327
-0.485364 5.08565 297.943 0 -0.109945
-0.0661992 4.17829 291.647 0 -0.109945
0.250927 3.23043 285.351 0 -0.109945
0.46219 2.25351 279.053 0 -0.109982
0.565003 1.25932 273.998 0 -0.0639288
0.607488 0.174685 272.123 0 -0.0639288
