-10.8169 -18.7807 209.279 1
-9.94463 -18.2916 209.279 1
-9.07238 -17.8025 209.279 1
-8.20013 -17.3135 209.279 1
-7.34482 -16.7957 213.099 1
-6.52591 -16.2221 216.918 1
-5.74702 -15.5953 220.738 1
-5.01163 -14.9179 224.558 1
-4.32299 -14.193 228.377 1
-3.68417 -13.4239 232.197 1
-3.35783 -12.9871 234.28 1
-2.774 -12.1752 234.28 1
-2.19018 -11.3633 234.28 1
-1.60636 -10.5514 234.28 1
-1.02253 -9.73956 234.28 1
-0.43871 -8.92767 234.28 1
0.145113 -8.11579 234.28 1
0.728936 -7.30391 234.28 1
1.31276 -6.49203 234.28 1
1.89658 -5.68015 234.28 1
2.48041 -4.86827 234.28 1
3.06423 -4.05639 234.28 1
3.64805 -3.24451 234.28 1
4.23187 -2.43263 234.28 1
4.8157 -1.62075 234.28 1
5.39952 -0.808866 234.28 1
5.98334 0.00301536 234.28 1
6.56717 0.814896 234.28 1
7.15099 1.62678 234.28 1
7.73481 2.43866 234.28 1
8.31838 3.30725 238.1 1
8.81814 4.1732 241.92 1
9.2591 5.07052 245.739 1
9.63931 5.99522 249.559 1
9.95707 6.9432 253.379 1
10.211 7.91024 257.198 1
10.3999 8.89204 261.018 1
10.5231 9.88498 264.841 1
10.5771 10.7843 268.282 1
10.6071 11.7838 268.282 1
10.637 12.7834 268.282 1
10.667 13.7829 268.282 1
10.697 14.7825 268.282 1
10.727 15.782 268.282 1
10.7569 16.7816 268.282 1
10.7869 17.7811 268.282 1
10.8169 18.7807 268.282 1
